100	1e-5	100	1e-5	100	1e-5	100	1e-5	1
100	1e-05	100	1e-05	100	1e-05	100	1e-05	0.320233113196
98.5264223057	1e-05	98.5264223057	1e-05	98.5264223057	1e-05	98.5264223057	1e-05	0.323560614693
102.954761228	1e-05	102.954761228	1e-05	102.954761228	1e-05	102.954761228	1e-05	0.37714771963
105.723042636	1e-05	105.723042636	1e-05	105.723042636	1e-05	105.723042636	1e-05	0.416590648481
105.723042636	1e-05	105.723042636	1.01986637276e-05	105.723042636	1e-05	105.723042636	1e-05	0.381150412028
107.301953713	1e-05	107.301953713	1.01986637276e-05	107.301953713	1e-05	107.301953713	1e-05	0.402956763927
112.041340515	1e-05	112.041340515	1.01986637276e-05	112.041340515	1e-05	112.041340515	1e-05	0.454648405147
108.450855027	1e-05	108.450855027	1.01986637276e-05	108.450855027	1e-05	108.450855027	1e-05	0.406157863061
112.655658232	1e-05	112.655658232	1.01986637276e-05	112.655658232	1e-05	112.655658232	1e-05	0.462232538984
107.596242529	1e-05	107.596242529	1.01986637276e-05	107.596242529	1e-05	107.596242529	1e-05	0.395036928098
107.596242529	1e-05	107.596242529	1.01986637276e-05	107.596242529	1e-05	107.596242529	9.62356145953e-06	0.372623656393
107.596242529	9.69603314087e-06	107.596242529	1.01986637276e-05	107.596242529	1e-05	107.596242529	9.62356145953e-06	0.40085981387
107.596242529	9.69603314087e-06	107.596242529	1.04628127134e-05	107.596242529	1e-05	107.596242529	9.62356145953e-06	0.416035528366
107.596242529	9.69603314087e-06	107.596242529	1.03530247472e-05	107.596242529	1e-05	107.596242529	9.62356145953e-06	0.386106910833
104.750577221	9.69603314087e-06	104.750577221	1.03530247472e-05	104.750577221	1e-05	104.750577221	9.62356145953e-06	0.363289538216
104.750577221	9.69603314087e-06	104.750577221	1.03530247472e-05	104.750577221	1.00648990133e-05	104.750577221	9.62356145953e-06	0.390029299578
104.750577221	9.69603314087e-06	104.750577221	1.03530247472e-05	104.750577221	1.02443449e-05	104.750577221	9.62356145953e-06	0.352156486853
102.744119263	9.69603314087e-06	102.744119263	1.03530247472e-05	102.744119263	1.02443449e-05	102.744119263	9.62356145953e-06	0.323932378125
104.831885786	9.69603314087e-06	104.831885786	1.03530247472e-05	104.831885786	1.02443449e-05	104.831885786	9.62356145953e-06	0.32037514051
104.831885786	9.69603314087e-06	104.831885786	1.03530247472e-05	104.831885786	1.02443449e-05	104.831885786	9.79120712535e-06	0.338443178066
104.831885786	9.69603314087e-06	104.831885786	1.03530247472e-05	104.831885786	1.02443449e-05	104.831885786	1.02136908812e-05	0.39985465491
104.831885786	9.57868724378e-06	104.831885786	1.03530247472e-05	104.831885786	1.02443449e-05	104.831885786	1.02136908812e-05	0.355363498581
102.792612222	9.57868724378e-06	102.792612222	1.03530247472e-05	102.792612222	1.02443449e-05	102.792612222	1.02136908812e-05	0.338392335528
105.942130017	9.57868724378e-06	105.942130017	1.03530247472e-05	105.942130017	1.02443449e-05	105.942130017	1.02136908812e-05	0.37395394551
105.942130017	9.57868724378e-06	105.942130017	1.02638947386e-05	105.942130017	1.02443449e-05	105.942130017	1.02136908812e-05	0.407350962064
104.133666079	9.57868724378e-06	104.133666079	1.02638947386e-05	104.133666079	1.02443449e-05	104.133666079	1.02136908812e-05	0.364402176782
104.133666079	9.57868724378e-06	104.133666079	1.02638947386e-05	104.133666079	1.00714367725e-05	104.133666079	1.02136908812e-05	0.368802890044
104.133666079	9.37855170977e-06	104.133666079	1.02638947386e-05	104.133666079	1.00714367725e-05	104.133666079	1.02136908812e-05	0.360309579941
104.133666079	9.37855170977e-06	104.133666079	1.06681589595e-05	104.133666079	1.00714367725e-05	104.133666079	1.02136908812e-05	0.314047538645
104.133666079	9.37855170977e-06	104.133666079	1.06681589595e-05	104.133666079	9.89448423185e-06	104.133666079	1.02136908812e-05	0.415305362181
104.133666079	9.37855170977e-06	104.133666079	1.06681589595e-05	104.133666079	9.89448423185e-06	104.133666079	1.03311902114e-05	0.367440361158
107.702639024	9.37855170977e-06	107.702639024	1.06681589595e-05	107.702639024	9.89448423185e-06	107.702639024	1.03311902114e-05	0.412020816065
107.702639024	9.37855170977e-06	107.702639024	1.06681589595e-05	107.702639024	9.97707662642e-06	107.702639024	1.03311902114e-05	0.413036670301
107.702639024	9.37855170977e-06	107.702639024	1.06681589595e-05	107.702639024	9.97707662642e-06	107.702639024	9.90217223008e-06	0.432526116374
107.702639024	9.37855170977e-06	107.702639024	1.06681589595e-05	107.702639024	9.62064012646e-06	107.702639024	9.90217223008e-06	0.434623180757
103.411428254	9.37855170977e-06	103.411428254	1.06681589595e-05	103.411428254	9.62064012646e-06	103.411428254	9.90217223008e-06	0.351042590445
103.411428254	9.37855170977e-06	103.411428254	1.06396703817e-05	103.411428254	9.62064012646e-06	103.411428254	9.90217223008e-06	0.366457217795
100.903250745	9.37855170977e-06	100.903250745	1.06396703817e-05	100.903250745	9.62064012646e-06	100.903250745	9.90217223008e-06	0.314989023821
100.903250745	9.37855170977e-06	100.903250745	1.06396703817e-05	100.903250745	9.23874266517e-06	100.903250745	9.90217223008e-06	0.363486125516
100.842169491	9.37855170977e-06	100.842169491	1.06396703817e-05	100.842169491	9.23874266517e-06	100.842169491	9.90217223008e-06	0.317332784944
100.842169491	9.19137512539e-06	100.842169491	1.06396703817e-05	100.842169491	9.23874266517e-06	100.842169491	9.90217223008e-06	0.340970876363
100.842169491	9.19137512539e-06	100.842169491	1.06396703817e-05	100.842169491	9.23874266517e-06	100.842169491	1.01697026785e-05	0.314819810805
100.842169491	9.19137512539e-06	100.842169491	1.0301872445e-05	100.842169491	9.23874266517e-06	100.842169491	1.01697026785e-05	0.314254483831
100.842169491	9.19137512539e-06	100.842169491	1.0301872445e-05	100.842169491	8.80964107745e-06	100.842169491	1.01697026785e-05	0.308108931326
100.842169491	9.19137512539e-06	100.842169491	1.0301872445e-05	100.842169491	8.44214792899e-06	100.842169491	1.01697026785e-05	0.37179293631
100.842169491	9.19137512539e-06	100.842169491	1.0301872445e-05	100.842169491	8.44214792899e-06	100.842169491	1.01551502222e-05	0.329722673781
100.842169491	9.19137512539e-06	100.842169491	1.0301872445e-05	100.842169491	8.44214792899e-06	100.842169491	1.02190399517e-05	0.335205447699
100.842169491	9.19137512539e-06	100.842169491	1.0301872445e-05	100.842169491	8.84440971201e-06	100.842169491	1.02190399517e-05	0.405162979963
100.842169491	9.19137512539e-06	100.842169491	1.01135495912e-05	100.842169491	8.84440971201e-06	100.842169491	1.02190399517e-05	0.342490828539
100.842169491	9.19137512539e-06	100.842169491	1.01135495912e-05	100.842169491	8.72504003879e-06	100.842169491	1.02190399517e-05	0.340791962702
100.842169491	9.5165751553e-06	100.842169491	1.01135495912e-05	100.842169491	8.72504003879e-06	100.842169491	1.02190399517e-05	0.34354870182
100.842169491	9.5165751553e-06	100.842169491	1.01135495912e-05	100.842169491	8.72504003879e-06	100.842169491	1.00645445549e-05	0.348881604471
100.842169491	9.5165751553e-06	100.842169491	1.02470280267e-05	100.842169491	8.72504003879e-06	100.842169491	1.00645445549e-05	0.323605725195
105.383800538	9.5165751553e-06	105.383800538	1.02470280267e-05	105.383800538	8.72504003879e-06	105.383800538	1.00645445549e-05	0.378579377698
105.383800538	9.5165751553e-06	105.383800538	1.07172996542e-05	105.383800538	8.72504003879e-06	105.383800538	1.00645445549e-05	0.407175959155
105.383800538	9.31121369494e-06	105.383800538	1.07172996542e-05	105.383800538	8.72504003879e-06	105.383800538	1.00645445549e-05	0.385756722431
105.383800538	9.31121369494e-06	105.383800538	1.07172996542e-05	105.383800538	9.10963581861e-06	105.383800538	1.00645445549e-05	0.415347592733
109.160560849	9.31121369494e-06	109.160560849	1.07172996542e-05	109.160560849	9.10963581861e-06	109.160560849	1.00645445549e-05	0.424218654707
109.160560849	9.31121369494e-06	109.160560849	1.07172996542e-05	109.160560849	9.10963581861e-06	109.160560849	9.74194111113e-06	0.465401454537
110.540304904	9.31121369494e-06	110.540304904	1.07172996542e-05	110.540304904	9.10963581861e-06	110.540304904	9.74194111113e-06	0.467887863322
110.540304904	8.9900079683e-06	110.540304904	1.07172996542e-05	110.540304904	9.10963581861e-06	110.540304904	9.74194111113e-06	0.486462165539
112.93751892	8.9900079683e-06	112.93751892	1.07172996542e-05	112.93751892	9.10963581861e-06	112.93751892	9.74194111113e-06	0.509965186154
112.93751892	8.9900079683e-06	112.93751892	1.07172996542e-05	112.93751892	9.53526933066e-06	112.93751892	9.74194111113e-06	0.478894988689
112.93751892	8.9900079683e-06	112.93751892	1.12132417679e-05	112.93751892	9.53526933066e-06	112.93751892	9.74194111113e-06	0.472307706934
112.93751892	8.9900079683e-06	112.93751892	1.12132417679e-05	112.93751892	9.53526933066e-06	112.93751892	9.64681292144e-06	0.510778230474
112.93751892	8.9900079683e-06	112.93751892	1.12132417679e-05	112.93751892	9.53526933066e-06	112.93751892	9.23754656655e-06	0.466871730331
112.93751892	8.9900079683e-06	112.93751892	1.12132417679e-05	112.93751892	9.53526933066e-06	112.93751892	9.48858510588e-06	0.450985682384
112.93751892	8.9900079683e-06	112.93751892	1.10099887068e-05	112.93751892	9.53526933066e-06	112.93751892	9.48858510588e-06	0.498000708973
112.93751892	8.9900079683e-06	112.93751892	1.10099887068e-05	112.93751892	9.53526933066e-06	112.93751892	9.42414523309e-06	0.526170346841
112.93751892	8.9900079683e-06	112.93751892	1.10099887068e-05	112.93751892	9.53526933066e-06	112.93751892	9.23257255335e-06	0.551492893053
112.93751892	8.9900079683e-06	112.93751892	1.10099887068e-05	112.93751892	9.53526933066e-06	112.93751892	9.46353429838e-06	0.509972208196
112.93751892	8.9900079683e-06	112.93751892	1.10099887068e-05	112.93751892	9.53526933066e-06	112.93751892	9.37324092361e-06	0.491699298877
108.067572102	8.9900079683e-06	108.067572102	1.10099887068e-05	108.067572102	9.53526933066e-06	108.067572102	9.37324092361e-06	0.416464475317
108.067572102	8.9900079683e-06	108.067572102	1.10656329841e-05	108.067572102	9.53526933066e-06	108.067572102	9.37324092361e-06	0.446743642925
108.067572102	8.9900079683e-06	108.067572102	1.13312126338e-05	108.067572102	9.53526933066e-06	108.067572102	9.37324092361e-06	0.453753425014
108.067572102	8.9900079683e-06	108.067572102	1.18153781487e-05	108.067572102	9.53526933066e-06	108.067572102	9.37324092361e-06	0.387132937993
108.067572102	8.9900079683e-06	108.067572102	1.18153781487e-05	108.067572102	9.53526933066e-06	108.067572102	9.45724349979e-06	0.431110018964
108.067572102	8.9900079683e-06	108.067572102	1.20818606499e-05	108.067572102	9.53526933066e-06	108.067572102	9.45724349979e-06	0.381229189703
108.067572102	8.9900079683e-06	108.067572102	1.20818606499e-05	108.067572102	9.53526933066e-06	108.067572102	9.45724349979e-06	0.381229189703
112.668414348	8.9900079683e-06	112.668414348	1.20818606499e-05	112.668414348	9.53526933066e-06	112.668414348	9.45724349979e-06	0.492499858638
112.668414348	8.9900079683e-06	112.668414348	1.20818606499e-05	112.668414348	9.53526933066e-06	112.668414348	9.60022466618e-06	0.463326863809
112.668414348	9.40923165244e-06	112.668414348	1.20818606499e-05	112.668414348	9.53526933066e-06	112.668414348	9.60022466618e-06	0.431324937715
112.668414348	9.40923165244e-06	112.668414348	1.20818606499e-05	112.668414348	9.53526933066e-06	112.668414348	9.60022466618e-06	0.431324937715
107.223195845	9.40923165244e-06	107.223195845	1.20818606499e-05	107.223195845	9.53526933066e-06	107.223195845	9.60022466618e-06	0.397500964049
107.223195845	9.36859993107e-06	107.223195845	1.20818606499e-05	107.223195845	9.53526933066e-06	107.223195845	9.60022466618e-06	0.363443612573
107.223195845	9.36859993107e-06	107.223195845	1.21440707281e-05	107.223195845	9.53526933066e-06	107.223195845	9.60022466618e-06	0.400762556125
107.223195845	9.03416369089e-06	107.223195845	1.21440707281e-05	107.223195845	9.53526933066e-06	107.223195845	9.60022466618e-06	0.400383325433
107.223195845	9.03416369089e-06	107.223195845	1.21440707281e-05	107.223195845	9.1891986345e-06	107.223195845	9.60022466618e-06	0.425255565863
107.223195845	9.03416369089e-06	107.223195845	1.21440707281e-05	107.223195845	9.1891986345e-06	107.223195845	9.44915636087e-06	0.360469289044
110.815754423	9.03416369089e-06	110.815754423	1.21440707281e-05	110.815754423	9.1891986345e-06	110.815754423	9.44915636087e-06	0.453631893092
111.683074758	9.03416369089e-06	111.683074758	1.21440707281e-05	111.683074758	9.1891986345e-06	111.683074758	9.44915636087e-06	0.472636952456
111.683074758	9.03416369089e-06	111.683074758	1.21440707281e-05	111.683074758	9.1891986345e-06	111.683074758	9.43892653716e-06	0.481229150878
111.683074758	9.03416369089e-06	111.683074758	1.16743857595e-05	111.683074758	9.1891986345e-06	111.683074758	9.43892653716e-06	0.514282735456
111.683074758	9.03416369089e-06	111.683074758	1.12244518619e-05	111.683074758	9.1891986345e-06	111.683074758	9.43892653716e-06	0.430660163902
111.683074758	8.8479857821e-06	111.683074758	1.12244518619e-05	111.683074758	9.1891986345e-06	111.683074758	9.43892653716e-06	0.525343561264
113.732948109	8.8479857821e-06	113.732948109	1.12244518619e-05	113.732948109	9.1891986345e-06	113.732948109	9.43892653716e-06	0.514905212587
113.732948109	8.46943928353e-06	113.732948109	1.12244518619e-05	113.732948109	9.1891986345e-06	113.732948109	9.43892653716e-06	0.512607510994
113.732948109	8.46943928353e-06	113.732948109	1.12244518619e-05	113.732948109	9.1891986345e-06	113.732948109	9.36880542027e-06	0.528779274923
113.732948109	8.46943928353e-06	113.732948109	1.06658928009e-05	113.732948109	9.1891986345e-06	113.732948109	9.36880542027e-06	0.506283559797
113.732948109	8.46943928353e-06	113.732948109	1.07359391509e-05	113.732948109	9.1891986345e-06	113.732948109	9.36880542027e-06	0.532512077595
113.732948109	8.05852888344e-06	113.732948109	1.07359391509e-05	113.732948109	9.1891986345e-06	113.732948109	9.36880542027e-06	0.559728337892
113.732948109	8.05852888344e-06	113.732948109	1.07359391509e-05	113.732948109	9.10227785196e-06	113.732948109	9.36880542027e-06	0.54123007392
113.732948109	8.05852888344e-06	113.732948109	1.05872156733e-05	113.732948109	9.10227785196e-06	113.732948109	9.36880542027e-06	0.541141744834
113.732948109	8.05852888344e-06	113.732948109	1.05872156733e-05	113.732948109	9.10227785196e-06	113.732948109	9.21725851063e-06	0.540755665711
113.732948109	8.05852888344e-06	113.732948109	1.00690230882e-05	113.732948109	9.10227785196e-06	113.732948109	9.21725851063e-06	0.566212959093
113.732948109	8.05852888344e-06	113.732948109	1.05248674459e-05	113.732948109	9.10227785196e-06	113.732948109	9.21725851063e-06	0.51880518019
113.732948109	8.05852888344e-06	113.732948109	1.05248674459e-05	113.732948109	9.07262911307e-06	113.732948109	9.21725851063e-06	0.55444005176
113.732948109	8.05852888344e-06	113.732948109	1.03456505204e-05	113.732948109	9.07262911307e-06	113.732948109	9.21725851063e-06	0.555577767479
113.732948109	8.05852888344e-06	113.732948109	1.03456505204e-05	113.732948109	9.07262911307e-06	113.732948109	9.21725851063e-06	0.555577767479
113.732948109	8.05852888344e-06	113.732948109	1.03456505204e-05	113.732948109	8.9323581528e-06	113.732948109	9.21725851063e-06	0.561761920528
113.732948109	8.05852888344e-06	113.732948109	1.07943183847e-05	113.732948109	8.9323581528e-06	113.732948109	9.21725851063e-06	0.590682803051
113.732948109	7.87288874791e-06	113.732948109	1.07943183847e-05	113.732948109	8.9323581528e-06	113.732948109	9.21725851063e-06	0.55116924422
113.732948109	7.48930605046e-06	113.732948109	1.07943183847e-05	113.732948109	8.9323581528e-06	113.732948109	9.21725851063e-06	0.55812869391
113.732948109	7.48930605046e-06	113.732948109	1.07943183847e-05	113.732948109	8.82341480823e-06	113.732948109	9.21725851063e-06	0.557166894802
113.732948109	7.48930605046e-06	113.732948109	1.07943183847e-05	113.732948109	8.82341480823e-06	113.732948109	9.18726840071e-06	0.580121682267
113.732948109	7.48930605046e-06	113.732948109	1.11176532688e-05	113.732948109	8.82341480823e-06	113.732948109	9.18726840071e-06	0.552544798589
113.732948109	7.48930605046e-06	113.732948109	1.11176532688e-05	113.732948109	8.82341480823e-06	113.732948109	9.14137902957e-06	0.533800784632
111.042761113	7.48930605046e-06	111.042761113	1.11176532688e-05	111.042761113	8.82341480823e-06	111.042761113	9.14137902957e-06	0.51265261149
111.042761113	7.48930605046e-06	111.042761113	1.11176532688e-05	111.042761113	8.94173664075e-06	111.042761113	9.14137902957e-06	0.523966172088
111.042761113	7.52826596067e-06	111.042761113	1.11176532688e-05	111.042761113	8.94173664075e-06	111.042761113	9.14137902957e-06	0.534242370793
111.042761113	7.59570007192e-06	111.042761113	1.11176532688e-05	111.042761113	8.94173664075e-06	111.042761113	9.14137902957e-06	0.507733635849
111.042761113	7.59570007192e-06	111.042761113	1.11176532688e-05	111.042761113	8.70383303665e-06	111.042761113	9.14137902957e-06	0.542357588366
111.042761113	7.38368730201e-06	111.042761113	1.11176532688e-05	111.042761113	8.70383303665e-06	111.042761113	9.14137902957e-06	0.473409054208
111.042761113	7.1657733853e-06	111.042761113	1.11176532688e-05	111.042761113	8.70383303665e-06	111.042761113	9.14137902957e-06	0.486524772987
109.619851403	7.1657733853e-06	109.619851403	1.11176532688e-05	109.619851403	8.70383303665e-06	109.619851403	9.14137902957e-06	0.509698275781
109.619851403	7.1657733853e-06	109.619851403	1.11633314293e-05	109.619851403	8.70383303665e-06	109.619851403	9.14137902957e-06	0.448106173554
104.191358399	7.1657733853e-06	104.191358399	1.11633314293e-05	104.191358399	8.70383303665e-06	104.191358399	9.14137902957e-06	0.420115240442
104.191358399	7.1657733853e-06	104.191358399	1.11633314293e-05	104.191358399	8.70383303665e-06	104.191358399	9.22722665434e-06	0.417095650213
104.191358399	7.1657733853e-06	104.191358399	1.11633314293e-05	104.191358399	8.7466890396e-06	104.191358399	9.22722665434e-06	0.450014688394
107.175948026	7.1657733853e-06	107.175948026	1.11633314293e-05	107.175948026	8.7466890396e-06	107.175948026	9.22722665434e-06	0.432656630528
104.479351757	7.1657733853e-06	104.479351757	1.11633314293e-05	104.479351757	8.7466890396e-06	104.479351757	9.22722665434e-06	0.435452153237
104.479351757	7.51484296532e-06	104.479351757	1.11633314293e-05	104.479351757	8.7466890396e-06	104.479351757	9.22722665434e-06	0.408844823989
104.479351757	7.84833034175e-06	104.479351757	1.11633314293e-05	104.479351757	8.7466890396e-06	104.479351757	9.22722665434e-06	0.386193290831
104.479351757	7.84833034175e-06	104.479351757	1.11633314293e-05	104.479351757	8.7466890396e-06	104.479351757	9.25546776302e-06	0.47766529009
104.479351757	7.84833034175e-06	104.479351757	1.11633314293e-05	104.479351757	8.64372498052e-06	104.479351757	9.25546776302e-06	0.396574134837
104.479351757	7.84833034175e-06	104.479351757	1.11633314293e-05	104.479351757	8.64372498052e-06	104.479351757	9.28450464342e-06	0.424534112284
105.831639923	7.84833034175e-06	105.831639923	1.11633314293e-05	105.831639923	8.64372498052e-06	105.831639923	9.28450464342e-06	0.468650985988
105.831639923	7.84833034175e-06	105.831639923	1.11633314293e-05	105.831639923	8.64372498052e-06	105.831639923	9.03939102758e-06	0.462946580301
105.831639923	7.86102762416e-06	105.831639923	1.11633314293e-05	105.831639923	8.64372498052e-06	105.831639923	9.03939102758e-06	0.435178472861
105.831639923	7.86102762416e-06	105.831639923	1.11633314293e-05	105.831639923	8.64372498052e-06	105.831639923	9.1396194659e-06	0.440434174535
105.831639923	7.86102762416e-06	105.831639923	1.06602582794e-05	105.831639923	8.64372498052e-06	105.831639923	9.1396194659e-06	0.462370310343
105.831639923	7.86102762416e-06	105.831639923	1.02736401906e-05	105.831639923	8.64372498052e-06	105.831639923	9.1396194659e-06	0.466439333752
105.831639923	7.86102762416e-06	105.831639923	1.05133697403e-05	105.831639923	8.64372498052e-06	105.831639923	9.1396194659e-06	0.446597038508
104.538305622	7.86102762416e-06	104.538305622	1.05133697403e-05	104.538305622	8.64372498052e-06	104.538305622	9.1396194659e-06	0.461279969791
104.538305622	7.95531458205e-06	104.538305622	1.05133697403e-05	104.538305622	8.64372498052e-06	104.538305622	9.1396194659e-06	0.468862320889
102.438218852	7.95531458205e-06	102.438218852	1.05133697403e-05	102.438218852	8.64372498052e-06	102.438218852	9.1396194659e-06	0.395162332195
102.438218852	7.95531458205e-06	102.438218852	1.05133697403e-05	102.438218852	8.64372498052e-06	102.438218852	9.1396194659e-06	0.395162332195
102.438218852	7.95531458205e-06	102.438218852	1.05133697403e-05	102.438218852	8.64372498052e-06	102.438218852	9.15303167105e-06	0.444179312089
102.438218852	8.32644925878e-06	102.438218852	1.05133697403e-05	102.438218852	8.64372498052e-06	102.438218852	9.15303167105e-06	0.374271484483
102.438218852	8.32644925878e-06	102.438218852	1.08217212292e-05	102.438218852	8.64372498052e-06	102.438218852	9.15303167105e-06	0.377781163967
102.438218852	8.32644925878e-06	102.438218852	1.08217212292e-05	102.438218852	8.64372498052e-06	102.438218852	8.73705067923e-06	0.396460890577
97.4354152294	8.32644925878e-06	97.4354152294	1.08217212292e-05	97.4354152294	8.64372498052e-06	97.4354152294	8.73705067923e-06	0.346407194306
97.4354152294	8.32644925878e-06	97.4354152294	1.08217212292e-05	97.4354152294	8.64372498052e-06	97.4354152294	9.16812624037e-06	0.363077875512
97.4354152294	8.32644925878e-06	97.4354152294	1.08217212292e-05	97.4354152294	8.64372498052e-06	97.4354152294	9.12150468938e-06	0.353662730228
97.654521673	8.32644925878e-06	97.654521673	1.08217212292e-05	97.654521673	8.64372498052e-06	97.654521673	9.12150468938e-06	0.38172979621
97.654521673	8.32644925878e-06	97.654521673	1.08217212292e-05	97.654521673	8.64372498052e-06	97.654521673	9.22299402086e-06	0.284637633193
97.654521673	8.32644925878e-06	97.654521673	1.06756540132e-05	97.654521673	8.64372498052e-06	97.654521673	9.22299402086e-06	0.347463198348
97.654521673	8.47112712358e-06	97.654521673	1.06756540132e-05	97.654521673	8.64372498052e-06	97.654521673	9.22299402086e-06	0.286840458316
97.654521673	8.47112712358e-06	97.654521673	1.06756540132e-05	97.654521673	8.64372498052e-06	97.654521673	9.49302927712e-06	0.364755642021
97.654521673	8.47112712358e-06	97.654521673	1.06756540132e-05	97.654521673	8.64372498052e-06	97.654521673	9.75949679301e-06	0.289797639468
97.654521673	8.47112712358e-06	97.654521673	1.06756540132e-05	97.654521673	8.63680356462e-06	97.654521673	9.75949679301e-06	0.32274670643
97.654521673	8.47112712358e-06	97.654521673	1.06152774543e-05	97.654521673	8.63680356462e-06	97.654521673	9.75949679301e-06	0.345141806989
97.654521673	8.60344492061e-06	97.654521673	1.06152774543e-05	97.654521673	8.63680356462e-06	97.654521673	9.75949679301e-06	0.350131946079
97.654521673	8.60344492061e-06	97.654521673	1.06152774543e-05	97.654521673	8.45909431804e-06	97.654521673	9.75949679301e-06	0.328681203576
100.630812809	8.60344492061e-06	100.630812809	1.06152774543e-05	100.630812809	8.45909431804e-06	100.630812809	9.75949679301e-06	0.407496679056
105.488911016	8.60344492061e-06	105.488911016	1.06152774543e-05	105.488911016	8.45909431804e-06	105.488911016	9.75949679301e-06	0.4308642717
105.488911016	8.60344492061e-06	105.488911016	1.06152774543e-05	105.488911016	8.46977356564e-06	105.488911016	9.75949679301e-06	0.390806305022
105.488911016	8.60344492061e-06	105.488911016	1.06152774543e-05	105.488911016	8.61113874345e-06	105.488911016	9.75949679301e-06	0.452746074889
105.488911016	8.60344492061e-06	105.488911016	1.06152774543e-05	105.488911016	8.61113874345e-06	105.488911016	9.64550079554e-06	0.40941018192
105.488911016	8.60344492061e-06	105.488911016	1.03887298527e-05	105.488911016	8.61113874345e-06	105.488911016	9.64550079554e-06	0.489546687586
105.488911016	8.60344492061e-06	105.488911016	1.07969350749e-05	105.488911016	8.61113874345e-06	105.488911016	9.64550079554e-06	0.364751251503
108.236515519	8.60344492061e-06	108.236515519	1.07969350749e-05	108.236515519	8.61113874345e-06	108.236515519	9.64550079554e-06	0.466413362917
113.639560463	8.60344492061e-06	113.639560463	1.07969350749e-05	113.639560463	8.61113874345e-06	113.639560463	9.64550079554e-06	0.541088100101
113.639560463	8.60344492061e-06	113.639560463	1.06270952485e-05	113.639560463	8.61113874345e-06	113.639560463	9.64550079554e-06	0.478318237998
113.639560463	8.60344492061e-06	113.639560463	1.06270952485e-05	113.639560463	8.42304607874e-06	113.639560463	9.64550079554e-06	0.539719378718
116.912019757	8.60344492061e-06	116.912019757	1.06270952485e-05	116.912019757	8.42304607874e-06	116.912019757	9.64550079554e-06	0.551401987724
115.467891159	8.60344492061e-06	115.467891159	1.06270952485e-05	115.467891159	8.42304607874e-06	115.467891159	9.64550079554e-06	0.539068456818
115.467891159	8.60344492061e-06	115.467891159	1.06270952485e-05	115.467891159	8.28789210316e-06	115.467891159	9.64550079554e-06	0.569788220073
115.467891159	8.60344492061e-06	115.467891159	1.06270952485e-05	115.467891159	8.2135131164e-06	115.467891159	9.64550079554e-06	0.521355871151
114.161543175	8.60344492061e-06	114.161543175	1.06270952485e-05	114.161543175	8.2135131164e-06	114.161543175	9.64550079554e-06	0.547121988664
114.161543175	8.29482792328e-06	114.161543175	1.06270952485e-05	114.161543175	8.2135131164e-06	114.161543175	9.64550079554e-06	0.609766201707
114.161543175	8.29482792328e-06	114.161543175	1.06270952485e-05	114.161543175	8.2135131164e-06	114.161543175	9.51927258822e-06	0.557543496319
114.161543175	8.29482792328e-06	114.161543175	1.06270952485e-05	114.161543175	8.2135131164e-06	114.161543175	9.96769168594e-06	0.53710783932
114.161543175	7.88067071888e-06	114.161543175	1.06270952485e-05	114.161543175	8.2135131164e-06	114.161543175	9.96769168594e-06	0.585245244983
114.161543175	7.88067071888e-06	114.161543175	1.06270952485e-05	114.161543175	8.23344510081e-06	114.161543175	9.96769168594e-06	0.58921780297
114.161543175	7.78395721362e-06	114.161543175	1.06270952485e-05	114.161543175	8.23344510081e-06	114.161543175	9.96769168594e-06	0.609541964601
108.555978161	7.78395721362e-06	108.555978161	1.06270952485e-05	108.555978161	8.23344510081e-06	108.555978161	9.96769168594e-06	0.482038334667
104.869767733	7.78395721362e-06	104.869767733	1.06270952485e-05	104.869767733	8.23344510081e-06	104.869767733	9.96769168594e-06	0.421690723128
104.869767733	7.78395721362e-06	104.869767733	1.06270952485e-05	104.869767733	7.87276454356e-06	104.869767733	9.96769168594e-06	0.39133315163
104.869767733	7.78395721362e-06	104.869767733	1.06270952485e-05	104.869767733	8.0598538493e-06	104.869767733	9.96769168594e-06	0.493282554739
104.869767733	7.78395721362e-06	104.869767733	1.0509132178e-05	104.869767733	8.0598538493e-06	104.869767733	9.96769168594e-06	0.41940672574
104.869767733	7.78395721362e-06	104.869767733	1.0509132178e-05	104.869767733	8.0598538493e-06	104.869767733	1.00972750722e-05	0.449310345567
105.549557195	7.78395721362e-06	105.549557195	1.0509132178e-05	105.549557195	8.0598538493e-06	105.549557195	1.00972750722e-05	0.433952653395