10.8
11.016
11.016
11.016
11.124
11.16
11.124
11.124
11.16
11.124
11.124
11.124
11.124
11.268
11.232
11.232
11.34
11.34
11.34
11.34
11.448
11.484
11.484
11.556
11.556
11.556
11.772
11.772
11.772
11.88
11.88
11.88
12.096
12.096
12.096
12.132
12.204
12.204
12.204
12.312
12.348
12.456
12.42
12.528
12.456
12.456
12.42
12.42
12.42
12.528
13.932
13.932
14.076
14.076
14.148
14.4
14.472
14.58
14.616
14.58
14.58
14.58
14.688
14.76
15.084
23.652
62.028
140.652
243.864
269.028
269.028
269.028
269.064
269.064
269.028
269.028
269.028
269.028
269.028
269.028
269.028
269.028
269.28
269.28
269.28
269.388
269.712
269.64
269.604
269.964
270.072
270.072
270.18
270.18
270.324
270.288
270.396
270.504
270.504
270.54
270.504
270.864
270.936
270.936
272.7
281.592
288.9
288.9
295.092
303.732
333.288
342.144
454.608
526.104
526.068
526.104
526.068
526.068
526.068
526.068
526.068
526.212
526.176
526.212
526.428
526.536
526.464
526.428
526.428
526.428
526.428
526.428
526.428
526.428
526.428
526.428
526.464
526.428
526.464
526.428
526.428
526.428
526.536
526.428
526.428
526.428
528.336
530.748
530.784
530.748
530.748
530.748
533.304
534.096
534.168
534.168
534.168
534.168
541.404
544.752
544.86
544.788
544.752
550.944
569.628
575.136
600.192
644.76
679.428
778.068
778.068
782.352
782.352
782.352
782.352
782.352
782.352
782.352
782.352
782.388
782.352
782.352
782.352
782.352
782.352
782.352
782.352
782.388
782.388
782.352
782.388
782.388
782.352
782.388
782.388
782.352
782.352
782.388
782.352
782.352
782.352
782.352
782.352
782.388
782.388
782.352
782.352
782.352
782.388
782.388
782.352
782.352
782.352
782.352
782.352
782.352
782.352
782.352
782.46
782.46
782.496
782.496
782.46
782.46
782.46
782.46
782.46
782.46
782.46
782.46
782.46
782.46
782.46
782.46
782.46
782.46
782.46
782.46
782.46
782.46
782.496
782.496
782.46
782.496
782.496
782.568
782.568
782.568
782.568
782.568
782.568
782.568
782.568
782.568
782.568
782.604
782.604
782.604
782.568
782.568
782.676
782.676
782.568
782.568
782.568
782.604
782.604
782.604
782.568
782.568
782.568
782.568
782.568
782.568
782.568
782.568
782.568
782.568
782.568
782.568
782.604
782.604
782.604
782.604
782.568
782.568
782.568
782.568
782.568
782.568
782.568
782.568
782.676
782.676
782.676
782.676
782.676
782.676
782.676
782.676
782.676
782.676
782.676
782.676
782.676
782.676
782.712
782.676
782.676
782.712
782.712
782.676
782.676
782.676
782.676
782.676
782.676
782.676
782.676
782.712
782.712
782.676
782.676
782.784
782.676
782.676
782.712
782.712
782.676
782.676
782.676
782.676
782.676
782.712
782.712
782.676
782.676
782.676
782.676
782.676
782.712
782.676
782.676
782.676
782.676
782.676
782.676
782.676
782.676
782.676
782.676
782.676
782.676
782.784
782.784
782.784
782.784
782.784
782.784
782.784
782.82
782.82
782.784
782.784
782.784
782.784
782.784
782.784
782.784
782.784
782.784
782.784
782.784
782.784
782.784
782.784
782.784
782.784
782.784
782.784
782.784
782.784
782.784
782.784
782.784
782.784
782.784
782.82
782.82
782.82
782.784
782.784
782.784
782.784
782.784
782.784
782.784
782.82
782.82
782.784
782.784
782.784
782.784
782.784
782.784
782.784
782.784
782.784
782.784
782.784
782.784
782.784
782.784
782.784
782.784
782.784
782.784
782.784
782.784
782.784
782.784
783.036
783.036
783.072
783.072
783.036
783.072
783.072
783.036
783.036
783.144
783.144
783.144
783.144
783.144
783.18
783.18
783.18
783.144
783.144
783.144
783.144
783.144
783.144
783.144
783.144
783.18
783.18
783.18
783.252
783.252
783.252
783.252
783.252
783.252
783.252
783.252
783.252
783.252
783.252
783.36
783.36
783.36
783.36
783.36
783.468
783.468
783.468
783.468
783.468
783.468
783.468
783.468
783.504
783.504
783.576
783.576
783.504
783.468
783.468
783.468
783.468
783.504
783.504
783.468
783.468
783.504
783.504
783.468
783.468
783.468
783.468
783.468
783.468
783.468
783.504
783.504
783.72
783.72
783.72
783.72
783.72
784.872
784.872
784.872
784.872
784.908
784.908
784.908
784.908
784.872
784.872
784.908
784.908
784.872
784.872
784.872
784.872
784.872
784.872
784.872
784.872
784.908
784.908
784.872
784.872
784.872
784.872
784.872
784.872
784.872
784.872
784.872
784.872
784.872
784.872
784.872
784.872
784.872
784.872
784.872
784.872
784.872
784.872
784.872
784.872
784.872
784.908
784.908
784.872
784.872
784.872
784.872
784.872
784.872
784.872
784.872
784.872
784.872
784.872
784.908
784.908
785.052
785.052
784.872
784.872
784.98
784.98
784.98
784.98
785.088
785.088
785.016
785.016
784.98
784.98
784.98
784.98
784.98
784.98
785.088
785.088
784.98
784.98
784.98
784.98
785.016
785.016
784.98
784.98
784.98
784.98
785.016
785.016
785.016
785.016
784.98
784.98
784.98
785.016
785.016
784.98
784.98
785.088
785.088
785.088
785.088
785.088
785.088
785.124
785.124
785.088
785.088
785.088
785.088
785.088
785.088
785.088
785.088
785.088
785.088
785.088
785.088
785.088
785.088
785.088
785.088
785.124
785.124
785.088
785.088
785.088
785.088
785.088
785.088
785.088
785.088
785.088
785.088
785.232
785.232
785.196
785.196
785.232
785.232
785.196
785.196
785.232
785.232
785.196
785.196
785.412
785.412
785.304
785.304
785.304
785.304
785.304
785.412
785.412
785.412
785.412
785.664
785.664
785.664
785.664
787.464
787.464
808.452
808.452
840.492
840.492
840.492
939.708
939.708
939.708
1039.392
1039.392
1039.392
1039.392
1039.392
1039.392
1039.392
1039.392
1039.392
1039.392
1039.392
1039.392
1039.392
1039.428
1039.428
1039.428
1039.428
1039.428
1039.428
1039.428
1039.428
1039.428
1039.428
1039.428
1039.428
1039.428
1039.428
1039.428
1039.428
1039.428
1039.428
1039.428
1039.428
1039.428
1039.392
1039.392
1039.392
1039.392
1039.392
1039.392
1039.392
1039.392
1039.392
1039.392
1039.392
1039.392
1039.392
1039.428
1039.428
1039.428
1039.428
1039.428
1039.428
1039.428
1039.428
1039.5
1039.5
1039.5
1039.5
1039.5
1039.5
1039.5
1039.392
1039.392
1039.392
1039.392
1039.392
1039.392
1039.392
1039.392
1039.392
1039.392
1039.392
1039.392
1039.392
1039.392
1039.392
1039.392
1039.392
1039.392
1039.392
1039.392
1039.392
1039.392
1039.392
1039.392
1039.392
1039.392
1039.392
1039.392
1039.392
1039.392
1039.392
1039.392
1039.392
1039.392
1039.392
1039.392
1039.392
1039.392
1039.392
1039.392
1039.392
1039.392
1039.392
1039.392
1039.392
1039.392
1039.392
1039.392
1039.392
1039.392
1039.392
1039.392
1039.392
1039.392
1039.392
1039.428
1039.428
1039.428
1039.428
1039.428
1039.428
1039.428
1039.428
1039.428
1039.428
1039.428
1039.428
1039.428
1039.428
1039.392
1039.392
1039.392
1039.392
1039.392
1039.392
1039.392
1039.392
1039.392
1039.392
1039.392
1039.392
1039.392
1039.392
1039.392
1039.392
1039.392
1039.392
1039.392
1039.392
1039.392
1039.392
1039.392
1039.392
1039.392
1039.392
1039.392
1039.392
1039.392
1039.392
1039.392
1039.392
1039.392
1039.392
1039.392
1039.392
1039.392
1039.392
1039.392
1039.392
1039.392
1039.392
1039.428
1039.428
1039.428
1039.428
1039.428
1039.428
1039.428
1039.392
1039.392
1039.392
1039.392
1039.392
1039.392
1039.392
1039.392
1039.392
1039.392
1039.392
1039.392
1039.392
1039.392
1039.428
1039.428
1039.428
1039.428
1039.428
1039.428
1039.428
1039.536
1039.536
1039.536
1039.536
1039.536
1039.536
1039.536
1039.5
1039.5
1039.5
1039.5
1039.5
1039.5
1039.5
1039.5
1039.5
1039.5
1039.5
1039.5
1039.5
1039.5
1039.5
1039.5
1039.5
1039.5
1039.5
1039.5
1039.5
1039.5
1039.5
1039.5
1039.5
1039.5
1039.5
1039.5
1039.5
1039.5
1039.5
1039.5
1039.5
1039.5
1039.5
1039.5
1039.5
1039.5
1039.5
1039.5
1039.5
1039.5
1039.5
1039.5
1039.5
1039.5
1039.5
1039.5
1039.5
1039.5
1039.5
1039.5
1039.5
1039.5
1039.5
1039.5
1039.5
1039.5
1039.5
1039.5
1039.5
1039.5
1039.5
1039.5
1039.5
1039.536
1039.536
1039.536
1039.536
1039.536
1039.536
1039.536
1039.5
1039.5
1039.5
1039.5
1039.5
1039.5
1039.5
1039.5
1039.5
1039.5
1039.5
1039.5
1039.5
1039.5
1039.572
1039.572
1039.572
1039.572
1039.572
1039.572
1039.572
1039.5
1039.5
1039.5
1039.5
1039.5
1039.5
1039.5
1039.5
1039.5
1039.5
1039.5
1039.5
1039.5
1039.5
1039.5
1039.5
1039.5
1039.5
1039.5
1039.5
1039.5
1039.5
1039.5