1.0
1.0
1.00666666667
1.0
1.01
1.01
1.01333333333
1.02333333333
1.02
1.02
1.02
1.02
1.02
1.03
1.03
1.03
1.03
1.03
1.03
1.03333333333
1.03333333333
1.03
1.03
1.03
1.03
1.04333333333
1.05333333333
1.05333333333
1.05
1.05
1.05333333333
1.05
1.05333333333
1.05
1.05
1.06333333333
1.07
1.09
1.09
1.11
1.11
1.11
1.11
1.11
1.11
1.11333333333
1.11333333333
1.11333333333
1.11
1.12333333333
1.12
1.12
1.12
1.12
1.12333333333
1.12
1.12
1.12
1.12
1.12666666667
1.12
1.12
1.12
1.13333333333
1.13
1.13333333333
1.13
1.13
1.13
1.13
1.13333333333
1.13333333333
1.13
1.13
1.13
1.14333333333
1.14333333333
1.14333333333
1.14
1.15
1.15
1.15333333333
1.15333333333
1.15333333333
1.16
1.16
1.17333333333
1.17
1.17333333333
1.17
1.17333333333
1.17
1.20333333333
1.19333333333
1.19333333333
1.19333333333
1.19333333333
1.19333333333
1.20333333333
1.20333333333
1.20333333333
1.28
1.31
1.31
1.32333333333
1.32
1.32
1.32
1.32
1.32333333333
1.32
1.32
1.32
1.32333333333
1.32
1.32
1.33
1.33
1.33
1.33
1.33
1.34
1.34
1.34333333333
1.34333333333
1.34
1.34
1.34
1.34
1.34
1.35333333333
1.36
1.36
1.36333333333
1.36
1.37666666667
1.36666666667
1.36
1.39333333333
1.39333333333
1.40333333333
1.40666666667
1.40666666667
1.40333333333
1.40666666667
1.40333333333
1.40333333333
1.40333333333
1.40333333333
1.40333333333
1.41666666667
1.41333333333
1.41333333333
1.42333333333
1.42666666667
1.42666666667
1.42666666667
1.42333333333
1.42333333333
1.43333333333
1.42666666667
1.44666666667
1.45
1.44666666667
1.44666666667
1.44666666667
1.45333333333
1.45
1.45666666667
1.46
1.46666666667
1.47
1.46666666667
1.46666666667
1.46666666667
1.47666666667
1.47666666667
1.48666666667
1.49
1.49
1.49666666667
1.5
1.49666666667
1.49666666667
1.5
1.49666666667
1.49666666667
1.50666666667
1.50666666667
1.52333333333
1.50666666667
1.51666666667
1.51666666667
1.52666666667
1.53
1.52666666667
1.52666666667
1.52666666667
1.52666666667
1.52666666667
1.52666666667
1.52666666667
1.52666666667
1.52666666667
1.52666666667
1.68
1.96
2.44
2.9
5.18
13.14
22.3133333333
25.03
25.03
25.03
25.03
25.03
25.03
25.04
25.04
25.04
25.04
25.05
25.05
25.05
25.05
25.0533333333
25.05
25.0533333333
25.05
25.05
25.05
25.05
25.05
25.05
25.05
25.05
25.0533333333
25.05
25.0533333333
25.05
25.0533333333
25.05
25.0533333333
25.05
25.06
25.0533333333
25.24
25.24
25.4633333333
26.75
27.1933333333
32.09
36.54
40.4433333333
44.8833333333
48.7233333333
48.7266666667
48.83
48.83
48.8333333333
48.83
48.83
48.83
48.83
48.83
48.83
48.8333333333
48.8333333333
48.8333333333
48.8333333333
48.8333333333
48.83
48.8333333333
48.83
48.83
48.83
48.83
48.83
48.83
48.83
48.83
48.83
48.83
48.83
48.83
48.83
48.83
48.83
48.83
48.83
48.83
48.83
48.83
48.83
48.83
48.83
48.8333333333
48.83
48.8333333333
48.8333333333
48.83
48.83
48.84
48.84
48.84
48.84
48.8433333333
48.84
48.8433333333
48.84
48.84
48.84
48.84
48.84
48.8433333333
48.8433333333
48.85
48.85
48.85
48.85
48.85
48.85
48.85
48.85
48.86
48.85
48.85
48.8533333333
48.85
48.8533333333
48.85
48.85
48.8533333333
48.8533333333
48.85
48.85
48.85
48.85
48.85
48.8533333333
48.85
48.85
48.8533333333
48.85
48.85
48.85
48.86
48.85
48.85
48.8533333333
48.85
48.85
48.85
48.8533333333
48.85
48.85
48.85
48.8533333333
48.85
48.8733333333
49.04
49.38
49.4533333333
49.7533333333
49.7533333333
50.89
52.2666666667
54.17
55.38
55.5933333333
55.5933333333
61.11
66.84
66.84
72.4433333333
72.4433333333
72.44
72.44
72.44
72.44
72.44
72.44
72.44
72.44
72.44
72.44
72.44
72.44
72.44
72.44
72.44
72.4533333333
72.4533333333
72.4533333333
72.4533333333
72.4533333333
72.45
72.45
72.45
72.45
72.45
72.45
72.45
72.45
72.45
72.45
72.45
72.45
72.45
72.45
72.45
72.4533333333
72.4533333333
72.46
72.46
72.46
72.46
72.46
72.46
72.46
72.46
72.46
72.46
72.46
72.46
72.46
72.46
72.47
72.47
72.4633333333
72.4633333333
72.46
72.46
72.46
72.46
72.46
72.46
72.46
72.46
72.46
72.46
72.46
72.46
72.46
72.46
72.46
72.46
72.46
72.46
72.46
72.46
72.46
72.46
72.46
72.46
72.46
72.46
72.46
72.46
72.46
72.46
72.46
72.46
72.46
72.46
72.4633333333
72.4633333333
72.4733333333
72.4733333333
72.4733333333
72.4733333333
72.4733333333
72.4733333333
72.4733333333
72.47
72.47
72.47
72.47
72.47
72.47
72.4733333333
72.4733333333
72.4733333333
72.47
72.47
72.47
72.47
72.47
72.47
72.47
72.47
72.47
72.47
72.47
72.47
72.47
72.47
72.47
72.47
72.47
72.47
72.47
72.47
72.47
72.47
72.4733333333
72.4733333333
72.4733333333
72.4733333333
72.4733333333
72.47
72.47
72.47
72.47
72.47
72.47
72.47
72.47
72.47
72.47
72.47
72.4733333333
72.4733333333
72.47
72.47
72.47
72.47
72.47
72.47
72.47
72.47
72.47
72.4733333333
72.4733333333
72.4733333333
72.4733333333
72.4733333333
72.4733333333
72.4733333333
72.47
72.47
72.47
72.47
72.47
72.47
72.47
72.47
72.47
72.47
72.47
72.4733333333
72.4733333333
72.47
72.47
72.47
72.4733333333
72.4733333333
72.47
72.47
72.47
72.47
72.4733333333
72.4733333333
72.4733333333
72.47
72.47
72.47
72.47
72.47
72.47
72.4733333333
72.4733333333
72.4733333333
72.47
72.47
72.47
72.47
72.4733333333
72.4733333333
72.47
72.47
72.47
72.47
72.47
72.47
72.47
72.47
72.47
72.4733333333
72.4733333333
72.47
72.47
72.47
72.47
72.47
72.47
72.47
72.47
72.47
72.47
72.47
72.47
72.48
72.48
72.4733333333
72.4733333333
72.47
72.47
72.47
72.4733333333
72.4733333333
72.47
72.47
72.47
72.47
72.4733333333
72.4733333333
72.4733333333
72.4733333333
72.4733333333
72.4733333333
72.4733333333
72.47
72.47
72.47
72.47
72.47
72.47
72.47
72.47
72.47
72.4733333333
72.4733333333
72.4733333333
72.4733333333
72.47
72.47
72.47
72.47
72.47
72.47
72.47
72.47
72.47
72.47
72.47
72.47
72.47
72.47
72.47
72.47
72.47
72.47
72.47
72.47
72.47
72.47
72.47
72.47
72.47
72.4733333333
72.4733333333
72.47
72.47
72.48
72.48
72.48
72.48
72.48
72.48
72.48
72.4833333333
72.4833333333
72.48
72.48
72.48
72.48
72.48
72.48
72.48
72.48
72.48
72.48
72.48
72.48
72.49
72.49
72.48
72.48
72.48
72.48
72.48
72.4833333333
72.4833333333
72.48
72.48
72.48
72.48
72.48
72.4833333333
72.4833333333
72.4833333333
72.4833333333
72.4833333333
72.4833333333
72.4833333333
72.48
72.48
72.48
72.48
72.48
72.48
72.4833333333
72.4833333333
72.48
72.48
72.48
72.48
72.48
72.49
72.49
72.4933333333
72.4933333333
72.49
72.49
72.49
72.4933333333
72.4933333333
72.49
72.49
72.49
72.49
72.49
72.49
72.49
72.49
72.49
72.4933333333
72.4933333333
72.4933333333
72.49
72.49
72.5
72.5
72.5
72.5
72.5
72.5
72.5
72.5
72.5
72.5
72.5
72.5
72.5
72.5
72.5
72.5
72.5
72.5
72.5
72.5
72.5
72.5
72.5
72.5133333333
72.5133333333
72.5133333333
72.51
72.51
72.5133333333
72.5133333333
72.5133333333
72.5133333333
72.5133333333
72.51
72.51
72.5133333333
72.5133333333
72.5133333333
72.51
72.51
72.5133333333
72.5133333333
72.51
72.51
72.51
72.51
72.51
72.5133333333
72.5133333333
72.5133333333
72.51
72.51
72.51
72.51
72.51
72.51
72.5133333333
72.5133333333
72.5133333333
72.51
72.51
72.51
72.51
72.52
72.52
72.52
72.51
72.51
72.51
72.51
72.51
72.51
72.51
72.5133333333
72.5133333333
72.51
72.51
72.51
72.51
72.51
72.51
72.51
72.5133333333
72.5133333333
72.5133333333
72.51
72.51
72.51
72.51
72.51
72.5133333333
72.5133333333
72.5133333333
72.5133333333
72.52
72.52
72.52
72.5133333333
72.5133333333
72.5133333333
72.5133333333
72.5133333333
72.5133333333
72.5133333333
72.5133333333
72.5133333333
72.51
72.51
72.51
72.51
72.51
72.52
72.52
72.52
72.51
72.51
72.51
72.51
72.51
72.51
72.51
72.5133333333
72.5133333333
72.51
72.51
72.51
72.51
72.51
72.51
72.51
72.51
72.51
72.51
72.51
72.51
72.51
72.51
72.51
72.51
72.51
72.51
72.51
72.5133333333
72.5133333333
72.5133333333
72.5133333333
72.5133333333
72.5133333333
72.5133333333
72.51
72.51
72.51
72.5133333333
72.5133333333
72.5133333333
72.5133333333
72.51
72.51
72.51
72.5133333333
72.5133333333
72.51
72.51
72.51
72.5133333333
72.5133333333
72.51
72.51
72.5133333333
72.5133333333
72.5133333333
72.52
72.52
72.52
72.52
72.52
72.52
72.52
72.52
72.52
72.53
72.53
72.53
72.5333333333
72.5333333333
72.53
72.53
72.53
72.5333333333
72.5333333333
72.53
72.53
72.53
72.53
72.53
72.53
72.53
72.53
72.53
72.53
72.53
72.53
72.53
72.53
72.53
72.53
72.53
72.5333333333
72.5333333333
72.53
72.53
72.53
72.53
72.53
72.53
72.53
72.53
72.53
72.53
72.54
72.54
72.54
72.54
72.54
72.54
72.54
72.54
72.54
72.54
72.54
72.54
72.54
72.54
72.54
72.54
72.54
72.54
72.54
72.54
72.5433333333
72.5433333333
72.55
72.55
72.55
72.5433333333
72.5433333333
72.54