5.4
5.4
5.436
5.4
5.454
5.454
5.472
5.526
5.508
5.508
5.508
5.508
5.508
5.562
5.562
5.562
5.562
5.562
5.562
5.58
5.58
5.562
5.562
5.562
5.562
5.634
5.688
5.688
5.67
5.67
5.688
5.67
5.688
5.67
5.67
5.742
5.778
5.886
5.886
5.994
5.994
5.994
5.994
5.994
5.994
6.012
6.012
6.012
5.994
6.066
6.048
6.048
6.048
6.048
6.066
6.048
6.048
6.048
6.048
6.084
6.048
6.048
6.048
6.12
6.102
6.12
6.102
6.102
6.102
6.102
6.12
6.12
6.102
6.102
6.102
6.174
6.174
6.174
6.156
6.21
6.21
6.228
6.228
6.228
6.264
6.264
6.336
6.318
6.336
6.318
6.336
6.318
6.498
6.444
6.444
6.444
6.444
6.444
6.498
6.498
6.498
6.912
7.074
7.074
7.146
7.128
7.128
7.128
7.128
7.146
7.128
7.128
7.128
7.146
7.128
7.128
7.182
7.182
7.182
7.182
7.182
7.236
7.236
7.254
7.254
7.236
7.236
7.236
7.236
7.236
7.308
7.344
7.344
7.362
7.344
7.434
7.38
7.344
7.524
7.524
7.578
7.596
7.596
7.578
7.596
7.578
7.578
7.578
7.578
7.578
7.65
7.632
7.632
7.686
7.704
7.704
7.704
7.686
7.686
7.74
7.704
7.812
7.83
7.812
7.812
7.812
7.848
7.83
7.866
7.884
7.92
7.938
7.92
7.92
7.92
7.974
7.974
8.028
8.046
8.046
8.082
8.1
8.082
8.082
8.1
8.082
8.082
8.136
8.136
8.226
8.136
8.19
8.19
8.244
8.262
8.244
8.244
8.244
8.244
8.244
8.244
8.244
8.244
8.244
8.244
9.072
10.584
13.176
15.66
27.972
70.956
120.492
135.162
135.162
135.162
135.162
135.162
135.162
135.216
135.216
135.216
135.216
135.27
135.27
135.27
135.27
135.288
135.27
135.288
135.27
135.27
135.27
135.27
135.27
135.27
135.27
135.27
135.288
135.27
135.288
135.27
135.288
135.27
135.288
135.27
135.324
135.288
136.296
136.296
137.502
144.45
146.844
173.286
197.316
218.394
242.37
263.106
263.124
263.682
263.682
263.7
263.682
263.682
263.682
263.682
263.682
263.682
263.7
263.7
263.7
263.7
263.7
263.682
263.7
263.682
263.682
263.682
263.682
263.682
263.682
263.682
263.682
263.682
263.682
263.682
263.682
263.682
263.682
263.682
263.682
263.682
263.682
263.682
263.682
263.682
263.682
263.682
263.7
263.682
263.7
263.7
263.682
263.682
263.736
263.736
263.736
263.736
263.754
263.736
263.754
263.736
263.736
263.736
263.736
263.736
263.754
263.754
263.79
263.79
263.79
263.79
263.79
263.79
263.79
263.79
263.844
263.79
263.79
263.808
263.79
263.808
263.79
263.79
263.808
263.808
263.79
263.79
263.79
263.79
263.79
263.808
263.79
263.79
263.808
263.79
263.79
263.79
263.844
263.79
263.79
263.808
263.79
263.79
263.79
263.808
263.79
263.79
263.79
263.808
263.79
263.916
264.816
266.652
267.048
268.668
268.668
274.806
282.24
292.518
299.052
300.204
300.204
329.994
360.936
360.936
391.194
391.194
391.176
391.176
391.176
391.176
391.176
391.176
391.176
391.176
391.176
391.176
391.176
391.176
391.176
391.176
391.176
391.248
391.248
391.248
391.248
391.248
391.23
391.23
391.23
391.23
391.23
391.23
391.23
391.23
391.23
391.23
391.23
391.23
391.23
391.23
391.23
391.248
391.248
391.284
391.284
391.284
391.284
391.284
391.284
391.284
391.284
391.284
391.284
391.284
391.284
391.284
391.284
391.338
391.338
391.302
391.302
391.284
391.284
391.284
391.284
391.284
391.284
391.284
391.284
391.284
391.284
391.284
391.284
391.284
391.284
391.284
391.284
391.284
391.284
391.284
391.284
391.284
391.284
391.284
391.284
391.284
391.284
391.284
391.284
391.284
391.284
391.284
391.284
391.284
391.284
391.302
391.302
391.356
391.356
391.356
391.356
391.356
391.356
391.356
391.338
391.338
391.338
391.338
391.338
391.338
391.356
391.356
391.356
391.338
391.338
391.338
391.338
391.338
391.338
391.338
391.338
391.338
391.338
391.338
391.338
391.338
391.338
391.338
391.338
391.338
391.338
391.338
391.338
391.338
391.338
391.356
391.356
391.356
391.356
391.356
391.338
391.338
391.338
391.338
391.338
391.338
391.338
391.338
391.338
391.338
391.338
391.356
391.356
391.338
391.338
391.338
391.338
391.338
391.338
391.338
391.338
391.338
391.356
391.356
391.356
391.356
391.356
391.356
391.356
391.338
391.338
391.338
391.338
391.338
391.338
391.338
391.338
391.338
391.338
391.338
391.356
391.356
391.338
391.338
391.338
391.356
391.356
391.338
391.338
391.338
391.338
391.356
391.356
391.356
391.338
391.338
391.338
391.338
391.338
391.338
391.356
391.356
391.356
391.338
391.338
391.338
391.338
391.356
391.356
391.338
391.338
391.338
391.338
391.338
391.338
391.338
391.338
391.338
391.356
391.356
391.338
391.338
391.338
391.338
391.338
391.338
391.338
391.338
391.338
391.338
391.338
391.338
391.392
391.392
391.356
391.356
391.338
391.338
391.338
391.356
391.356
391.338
391.338
391.338
391.338
391.356
391.356
391.356
391.356
391.356
391.356
391.356
391.338
391.338
391.338
391.338
391.338
391.338
391.338
391.338
391.338
391.356
391.356
391.356
391.356
391.338
391.338
391.338
391.338
391.338
391.338
391.338
391.338
391.338
391.338
391.338
391.338
391.338
391.338
391.338
391.338
391.338
391.338
391.338
391.338
391.338
391.338
391.338
391.338
391.338
391.356
391.356
391.338
391.338
391.392
391.392
391.392
391.392
391.392
391.392
391.392
391.41
391.41
391.392
391.392
391.392
391.392
391.392
391.392
391.392
391.392
391.392
391.392
391.392
391.392
391.446
391.446
391.392
391.392
391.392
391.392
391.392
391.41
391.41
391.392
391.392
391.392
391.392
391.392
391.41
391.41
391.41
391.41
391.41
391.41
391.41
391.392
391.392
391.392
391.392
391.392
391.392
391.41
391.41
391.392
391.392
391.392
391.392
391.392
391.446
391.446
391.464
391.464
391.446
391.446
391.446
391.464
391.464
391.446
391.446
391.446
391.446
391.446
391.446
391.446
391.446
391.446
391.464
391.464
391.464
391.446
391.446
391.5
391.5
391.5
391.5
391.5
391.5
391.5
391.5
391.5
391.5
391.5
391.5
391.5
391.5
391.5
391.5
391.5
391.5
391.5
391.5
391.5
391.5
391.5
391.572
391.572
391.572
391.554
391.554
391.572
391.572
391.572
391.572
391.572
391.554
391.554
391.572
391.572
391.572
391.554
391.554
391.572
391.572
391.554
391.554
391.554
391.554
391.554
391.572
391.572
391.572
391.554
391.554
391.554
391.554
391.554
391.554
391.572
391.572
391.572
391.554
391.554
391.554
391.554
391.608
391.608
391.608
391.554
391.554
391.554
391.554
391.554
391.554
391.554
391.572
391.572
391.554
391.554
391.554
391.554
391.554
391.554
391.554
391.572
391.572
391.572
391.554
391.554
391.554
391.554
391.554
391.572
391.572
391.572
391.572
391.608
391.608
391.608
391.572
391.572
391.572
391.572
391.572
391.572
391.572
391.572
391.572
391.554
391.554
391.554
391.554
391.554
391.608
391.608
391.608
391.554
391.554
391.554
391.554
391.554
391.554
391.554
391.572
391.572
391.554
391.554
391.554
391.554
391.554
391.554
391.554
391.554
391.554
391.554
391.554
391.554
391.554
391.554
391.554
391.554
391.554
391.554
391.554
391.572
391.572
391.572
391.572
391.572
391.572
391.572
391.554
391.554
391.554
391.572
391.572
391.572
391.572
391.554
391.554
391.554
391.572
391.572
391.554
391.554
391.554
391.572
391.572
391.554
391.554
391.572
391.572
391.572
391.608
391.608
391.608
391.608
391.608
391.608
391.608
391.608
391.608
391.662
391.662
391.662
391.68
391.68
391.662
391.662
391.662
391.68
391.68
391.662
391.662
391.662
391.662
391.662
391.662
391.662
391.662
391.662
391.662
391.662
391.662
391.662
391.662
391.662
391.662
391.662
391.68
391.68
391.662
391.662
391.662
391.662
391.662
391.662
391.662
391.662
391.662
391.662
391.716
391.716
391.716
391.716
391.716
391.716
391.716
391.716
391.716
391.716
391.716
391.716
391.716
391.716
391.716
391.716
391.716
391.716
391.716
391.716
391.734
391.734
391.77
391.77
391.77
391.734
391.734
391.716
391.716
391.716
391.734
391.734
391.734
391.734
391.734
391.716
391.716
391.716
391.716
391.716