5.632e-08
5.75715555556e-08
5.85102222222e-08
5.94488888889e-08
5.94488888889e-08
6.13262222222e-08
6.1952e-08
6.03875555556e-08
6.00746666667e-08
6.22648888889e-08
6.07004444444e-08
6.1952e-08
6.25777777778e-08
6.63324444444e-08
6.4768e-08
6.4768e-08
6.50808888889e-08
6.38293333333e-08
6.50808888889e-08
6.38293333333e-08
6.57066666667e-08
6.85226666667e-08
6.91484444444e-08
6.97742222222e-08
7.13386666667e-08
7.44675555556e-08
7.97866666667e-08
8.00995555556e-08
8.1664e-08
8.57315555556e-08
8.79217777778e-08
9.23022222222e-08
9.2928e-08
9.79342222222e-08
1.17020444444e-07
1.20462222222e-07
1.21088e-07
1.23278222222e-07
1.37045333333e-07
1.40487111111e-07
1.43928888889e-07
1.48935111111e-07
1.62389333333e-07
1.73027555556e-07
1.9712e-07
1.98058666667e-07
2.01187555556e-07
2.36231111111e-07
2.50311111111e-07
2.55630222222e-07
2.70336e-07
2.67832888889e-07
2.72526222222e-07
3.22275555556e-07
3.31975111111e-07
3.34165333333e-07
3.32600888889e-07
3.39797333333e-07
3.54503111111e-07
3.86417777778e-07
4.14577777778e-07
4.16142222222e-07
4.22712888889e-07
4.36167111111e-07
4.41799111111e-07
4.54627555556e-07
4.61511111111e-07
4.66830222222e-07
4.80284444444e-07
4.84977777778e-07
4.84352e-07
4.93738666667e-07
4.96867555556e-07
5.20334222222e-07
5.21585777778e-07
5.25653333333e-07
5.25653333333e-07
5.35352888889e-07
5.35665777778e-07
5.35352888889e-07
5.54752e-07
6.45176888889e-07
6.60821333333e-07
6.73336888889e-07
7.05564444444e-07
7.05877333333e-07
7.22460444444e-07
7.30282666667e-07
7.61258666667e-07
7.50307555556e-07
7.56565333333e-07
7.64700444444e-07
7.73461333333e-07
7.87541333333e-07
8.02872888889e-07
7.17141333333e-07
7.41859555556e-07
7.51246222222e-07
9.25525333333e-07
9.23022222222e-07
9.47427555556e-07
9.72458666667e-07
9.75900444444e-07
9.76213333333e-07
9.76526222222e-07
1.00937955556e-06
1.01000533333e-06
1.025024e-06
1.03222044444e-06
1.04285866667e-06
1.056e-06
1.08447288889e-06
1.089792e-06
1.08947911111e-06
1.09604977778e-06
1.21807644444e-06
1.21056711111e-06
1.21557333333e-06
1.23121777778e-06
1.24905244444e-06
1.25812622222e-06
1.28253155556e-06
1.30505955556e-06
1.42082844444e-06
1.43553422222e-06
1.44085333333e-06
1.45524622222e-06
1.46400711111e-06
1.47245511111e-06
1.48622222222e-06
1.49967644444e-06
1.51125333333e-06
1.51125333333e-06
1.52595911111e-06
1.52658488889e-06
1.65361777778e-06
1.65831111111e-06
1.67145244444e-06
1.72871111111e-06
1.73809777778e-06
1.75342933333e-06
1.76469333333e-06
1.77501866667e-06
1.79285333333e-06
1.79347911111e-06
1.79347911111e-06
1.79347911111e-06
1.79347911111e-06
1.80755911111e-06
1.82070044444e-06
1.83290311111e-06
1.91800888889e-06
1.83290311111e-06
1.87420444444e-06
1.87420444444e-06
1.88859733333e-06
1.90392888889e-06
1.903616e-06
1.90893511111e-06
1.92113777778e-06
1.92739555556e-06
1.92739555556e-06
1.92739555556e-06
1.92708266667e-06
1.92708266667e-06
1.92739555556e-06
1.92708266667e-06
1.94178844444e-06
1.93521777778e-06
1.93521777778e-06
1.95399111111e-06
1.96994844444e-06
1.96994844444e-06
1.96994844444e-06
1.98402844444e-06
2.01531733333e-06
2.01531733333e-06
2.01531733333e-06
2.01531733333e-06
2.01531733333e-06
2.02032355556e-06
2.02032355556e-06
2.02783288889e-06
2.03283911111e-06
2.03283911111e-06
2.04316444444e-06
2.04347733333e-06
2.058496e-06
2.04347733333e-06
2.04347733333e-06
2.05974755556e-06
2.06006044444e-06
2.05974755556e-06
2.06006044444e-06
2.18271288889e-06
2.19397688889e-06
2.18208711111e-06
2.18208711111e-06
2.18208711111e-06
2.17144888889e-06
2.17144888889e-06
2.17144888889e-06
2.18396444444e-06
2.18396444444e-06
2.18427733333e-06
2.18396444444e-06
2.20993422222e-06
2.20993422222e-06
2.20993422222e-06
2.22307555556e-06
2.22307555556e-06
2.22307555556e-06
2.22307555556e-06
2.23652977778e-06
2.23621688889e-06
2.25311288889e-06
2.25311288889e-06
2.26907022222e-06
2.26907022222e-06
2.28283733333e-06
2.29472711111e-06
2.29472711111e-06
2.28283733333e-06
2.28283733333e-06
2.28283733333e-06
2.28283733333e-06
2.29566577778e-06
2.29597866667e-06
2.29566577778e-06
2.29566577778e-06
2.29566577778e-06
2.32257422222e-06
2.32226133333e-06
2.32226133333e-06
2.33853155556e-06
2.33915733333e-06
2.33853155556e-06
2.33853155556e-06
2.35386311111e-06
2.35386311111e-06
2.36481422222e-06
2.36481422222e-06
2.36481422222e-06
2.37607822222e-06
2.39172266667e-06
2.39172266667e-06
2.39172266667e-06
2.39172266667e-06
2.39172266667e-06
2.40329955556e-06
2.40329955556e-06
2.40329955556e-06
2.41988266667e-06
2.40329955556e-06
2.40361244444e-06
2.40329955556e-06
2.40329955556e-06
2.40329955556e-06
2.43646577778e-06
2.43646577778e-06
2.43646577778e-06
2.43646577778e-06
2.43646577778e-06
2.43646577778e-06
2.43646577778e-06
2.43677866667e-06
2.43646577778e-06
2.452736e-06
2.43646577778e-06
2.43677866667e-06
2.43646577778e-06
2.43646577778e-06
2.43646577778e-06
2.43646577778e-06
2.43646577778e-06
2.43646577778e-06
2.43646577778e-06
2.43646577778e-06
2.43646577778e-06
2.43646577778e-06
2.43646577778e-06
2.43646577778e-06
2.45054577778e-06
2.45054577778e-06
2.43646577778e-06
2.43646577778e-06
2.43646577778e-06
2.43646577778e-06
2.45023288889e-06
2.45023288889e-06
2.46431288889e-06
2.46431288889e-06
2.46431288889e-06
2.46431288889e-06
2.47620266667e-06
2.47620266667e-06
2.47620266667e-06
2.47620266667e-06
2.47620266667e-06
2.47620266667e-06
2.47620266667e-06
2.47620266667e-06
2.47620266667e-06
2.47839288889e-06
2.47620266667e-06
2.47620266667e-06
2.47620266667e-06
2.47620266667e-06
2.47620266667e-06
2.47620266667e-06
2.47620266667e-06
2.47651555556e-06
2.49278577778e-06
2.49278577778e-06
2.49278577778e-06
2.49278577778e-06
2.49278577778e-06
2.49278577778e-06
2.50467555556e-06
2.52157155556e-06
2.50467555556e-06
2.50467555556e-06
2.51687822222e-06
2.51687822222e-06
2.51687822222e-06
2.51687822222e-06
2.51687822222e-06
2.51687822222e-06
2.51687822222e-06
2.51687822222e-06
2.52908088889e-06
2.52908088889e-06
2.52908088889e-06
2.52908088889e-06
2.52908088889e-06
2.52908088889e-06
2.52908088889e-06
2.52908088889e-06
2.52908088889e-06
2.52908088889e-06
2.52908088889e-06
2.52908088889e-06
2.52908088889e-06
2.52908088889e-06
2.62983111111e-06
2.62983111111e-06
2.62983111111e-06
2.62983111111e-06
2.62983111111e-06
2.630144e-06
2.630144e-06
2.630144e-06
2.64672711111e-06
2.66080711111e-06
2.66174577778e-06
2.66174577778e-06
2.66112e-06
2.66049422222e-06
2.67676444444e-06
2.67676444444e-06
2.67676444444e-06
2.67676444444e-06
2.67676444444e-06
2.67676444444e-06
2.67676444444e-06
2.67676444444e-06
2.67676444444e-06
2.67676444444e-06
2.67676444444e-06
2.67676444444e-06
2.67676444444e-06
2.67676444444e-06
2.69115733333e-06
2.69115733333e-06
2.69115733333e-06
2.69115733333e-06
2.69115733333e-06
2.69115733333e-06
2.69115733333e-06
2.69115733333e-06
2.69115733333e-06
2.69115733333e-06
2.69115733333e-06
2.69115733333e-06
2.69115733333e-06
2.70805333333e-06
2.70805333333e-06
2.70836622222e-06
2.70836622222e-06
2.70805333333e-06
2.70805333333e-06
2.70805333333e-06
2.72275911111e-06
2.72275911111e-06
2.72275911111e-06
2.72275911111e-06
2.72275911111e-06
2.72275911111e-06
2.72275911111e-06
2.72275911111e-06
2.72275911111e-06
2.72275911111e-06
2.72275911111e-06
2.72275911111e-06
2.72275911111e-06
2.72275911111e-06
2.72275911111e-06
2.72275911111e-06
2.72275911111e-06
2.72275911111e-06
2.72275911111e-06
2.72275911111e-06
2.73965511111e-06
2.72275911111e-06
2.72275911111e-06
2.72275911111e-06
2.72275911111e-06
2.73527466667e-06
2.73527466667e-06
2.73527466667e-06
2.73527466667e-06
2.75248355556e-06
2.75248355556e-06
2.75248355556e-06
2.75248355556e-06
2.75248355556e-06
2.75248355556e-06
2.75248355556e-06
2.75279644444e-06
2.75279644444e-06
2.75279644444e-06
2.75279644444e-06
2.75279644444e-06
2.75279644444e-06
2.75279644444e-06
2.77782755556e-06
2.75279644444e-06
2.75279644444e-06
2.75248355556e-06
2.77000533333e-06
2.77000533333e-06
2.77000533333e-06
2.77000533333e-06
2.77000533333e-06
2.77000533333e-06
2.77000533333e-06
2.78752711111e-06
2.78752711111e-06
2.78752711111e-06
2.78752711111e-06
2.78752711111e-06
2.78752711111e-06
2.78752711111e-06
2.78752711111e-06
2.80442311111e-06
2.80442311111e-06
2.80442311111e-06
2.80442311111e-06
2.80442311111e-06
2.80442311111e-06
2.80442311111e-06
2.80442311111e-06
2.80442311111e-06
2.80442311111e-06
2.80442311111e-06
2.80442311111e-06
2.80442311111e-06
2.80442311111e-06
2.821632e-06
2.80442311111e-06
2.80442311111e-06
2.80442311111e-06
2.80442311111e-06
2.80442311111e-06
2.80442311111e-06
2.804736e-06
2.804736e-06
2.804736e-06
2.804736e-06
2.804736e-06
2.804736e-06
2.804736e-06
2.804736e-06
2.81756444444e-06
2.83477333333e-06
2.81756444444e-06
2.81756444444e-06
2.81756444444e-06
2.81756444444e-06
2.81756444444e-06
2.81756444444e-06
2.81756444444e-06
2.81756444444e-06
2.81725155556e-06
2.81725155556e-06
2.83508622222e-06
2.83508622222e-06
2.83508622222e-06
2.83508622222e-06
2.83508622222e-06
2.83508622222e-06
2.83508622222e-06
2.85323377778e-06
2.85323377778e-06
2.85323377778e-06
2.87169422222e-06
2.87169422222e-06
2.87169422222e-06
2.87169422222e-06
2.87169422222e-06
2.87169422222e-06
2.87169422222e-06
2.87169422222e-06
2.87169422222e-06
2.87169422222e-06
2.87169422222e-06
2.87169422222e-06
2.87169422222e-06
2.87169422222e-06
2.87169422222e-06
2.88827733333e-06
2.88827733333e-06
2.88827733333e-06
2.88827733333e-06
2.88827733333e-06
2.88827733333e-06
2.88827733333e-06
2.88827733333e-06
2.88827733333e-06
2.88827733333e-06
2.88827733333e-06
2.88827733333e-06
2.88827733333e-06
2.88827733333e-06
2.88827733333e-06
2.88827733333e-06
2.88827733333e-06
2.88827733333e-06
2.88827733333e-06
2.88827733333e-06
2.88827733333e-06
2.88827733333e-06
2.88827733333e-06
2.88827733333e-06
2.88827733333e-06
2.88827733333e-06
2.88827733333e-06
2.88827733333e-06
2.88827733333e-06
2.88827733333e-06
2.88827733333e-06
2.906112e-06
2.906112e-06
2.906112e-06
2.906112e-06
2.906112e-06
2.906112e-06
2.906112e-06
2.906112e-06
2.906112e-06
2.906112e-06
2.906112e-06
2.906112e-06
2.906112e-06
2.906112e-06
2.906112e-06
2.906112e-06
2.906112e-06
2.906112e-06
2.906112e-06
2.906112e-06
2.906112e-06
2.906112e-06
2.906112e-06
2.906112e-06
2.906112e-06
2.906112e-06
2.906112e-06
2.906112e-06
2.906112e-06
2.906112e-06
2.906112e-06
2.906112e-06
2.906112e-06
2.906112e-06
2.906112e-06
2.906112e-06
2.906112e-06
2.906112e-06
2.906112e-06
2.906112e-06
2.906112e-06
2.906112e-06
2.906112e-06
2.906112e-06
2.906112e-06
2.906112e-06
2.906112e-06
2.906112e-06
2.906112e-06
2.906112e-06
2.906112e-06
2.906112e-06
2.906112e-06
2.906112e-06
2.906112e-06
2.906112e-06
2.906112e-06
2.906112e-06
2.906112e-06
2.906112e-06
2.906112e-06
2.906112e-06
2.906112e-06
2.906112e-06
2.906112e-06
2.906112e-06
2.906112e-06
2.906112e-06
2.906112e-06
2.906112e-06
2.906112e-06
2.906112e-06
2.906112e-06
2.906112e-06
2.906112e-06
2.906112e-06
2.906112e-06
2.906112e-06
2.906112e-06
2.906112e-06
2.906112e-06
2.906112e-06
2.906112e-06
2.906112e-06
2.906112e-06
2.906112e-06
2.906112e-06
2.906112e-06
2.906112e-06
2.906112e-06
2.906112e-06
2.906112e-06
2.906112e-06
2.906112e-06
2.906112e-06
2.906112e-06
2.906112e-06
2.906112e-06
2.906112e-06
2.906112e-06
2.906112e-06
2.906112e-06
2.906112e-06
2.906112e-06
2.906112e-06
2.906112e-06
2.906112e-06
2.906112e-06
2.906112e-06
2.906112e-06
2.906112e-06
2.906112e-06
2.906112e-06
2.906112e-06
2.906112e-06
2.906112e-06
2.906112e-06
2.906112e-06
2.906112e-06
2.906112e-06
2.906112e-06
2.906112e-06
2.906112e-06
2.906112e-06
2.906112e-06
2.906112e-06
2.906112e-06
2.906112e-06
2.906112e-06
2.906112e-06
2.906112e-06
2.906112e-06
2.906112e-06
2.906112e-06
2.906112e-06
2.906112e-06
2.906112e-06
2.906112e-06
2.906112e-06
2.906112e-06
2.906112e-06
2.906112e-06
2.906112e-06
2.906112e-06
2.906112e-06
2.906112e-06
2.906112e-06
2.906112e-06
2.906112e-06
2.906112e-06
2.906112e-06
2.906112e-06
2.906112e-06
2.906112e-06
2.906112e-06
2.906112e-06
2.906112e-06
2.906112e-06
2.906112e-06
2.906112e-06
2.906112e-06
2.906112e-06
2.906112e-06
2.906112e-06
2.906112e-06
2.906112e-06
2.906112e-06
2.906112e-06
2.906112e-06
2.906112e-06
2.906112e-06
2.906112e-06
2.906112e-06
2.906112e-06
2.906112e-06
2.906112e-06
2.906112e-06
2.906112e-06
2.906112e-06
2.906112e-06
2.906112e-06
2.906112e-06
2.906112e-06
2.906112e-06
2.906112e-06
2.906112e-06
2.906112e-06
2.906112e-06
2.906112e-06
2.906112e-06
2.906112e-06
2.906112e-06
2.906112e-06
2.906112e-06
2.906112e-06
2.906112e-06
2.906112e-06
2.906112e-06
2.906112e-06
2.906112e-06
2.906112e-06
2.906112e-06
2.906112e-06
2.906112e-06
2.906112e-06
2.906112e-06
2.906112e-06
2.906112e-06
2.906112e-06
2.906112e-06
2.906112e-06
2.906112e-06
2.906112e-06
2.906112e-06
2.906112e-06
2.906112e-06
2.906112e-06
2.906112e-06
2.906112e-06
2.906112e-06
2.906112e-06
2.906112e-06
2.906112e-06
2.906112e-06
2.906112e-06
2.906112e-06
2.906112e-06
2.906112e-06
2.906112e-06
2.906112e-06
2.906112e-06
2.906112e-06
2.906112e-06
2.906112e-06
2.906112e-06
2.906112e-06
2.906112e-06
2.906112e-06
2.906112e-06
2.906112e-06
2.906112e-06
2.906112e-06
2.906112e-06
2.906112e-06
2.906112e-06
2.906112e-06
2.906112e-06
2.906112e-06
2.906112e-06
2.906112e-06
2.906112e-06
2.92425955556e-06
2.906112e-06
2.906112e-06
2.906112e-06
2.906112e-06
2.906112e-06
2.906112e-06
2.906112e-06
2.906112e-06
2.906112e-06
2.906112e-06
2.906112e-06
2.906112e-06
2.906112e-06
2.906112e-06
2.906112e-06
2.906112e-06
2.906112e-06
2.906112e-06
2.906112e-06
2.906112e-06
2.906112e-06
2.906112e-06
2.906112e-06
2.906112e-06
2.906112e-06
2.906112e-06
2.906112e-06
2.906112e-06
2.906112e-06
2.906112e-06
2.906112e-06
2.906112e-06
2.906112e-06
2.906112e-06
2.906112e-06
2.906112e-06
2.906112e-06
2.906112e-06
2.906112e-06
2.906112e-06
2.906112e-06
2.906112e-06
2.906112e-06
2.906112e-06
2.906112e-06
2.906112e-06
2.906112e-06
2.906112e-06
2.906112e-06
2.906112e-06
2.906112e-06
2.906112e-06
2.906112e-06
2.906112e-06
2.906112e-06
2.906112e-06
2.906112e-06
2.906112e-06
2.906112e-06
2.906112e-06
2.906112e-06
2.906112e-06
2.906112e-06
2.906112e-06
2.906112e-06
2.92332088889e-06
2.906112e-06
2.906112e-06
2.906112e-06
2.906112e-06
2.906112e-06
2.906112e-06
2.906112e-06
2.906112e-06
2.906112e-06
2.906112e-06
2.906112e-06
2.906112e-06
2.906112e-06
2.906112e-06
2.906112e-06
2.906112e-06
2.906112e-06
2.906112e-06
2.906112e-06
2.906112e-06
2.906112e-06
2.906112e-06
2.906112e-06
2.906112e-06
2.906112e-06
2.906112e-06
2.906112e-06
2.906112e-06
2.906112e-06
2.906112e-06
2.906112e-06
2.906112e-06
2.906112e-06
2.906112e-06
2.906112e-06
2.906112e-06
2.906112e-06
2.906112e-06
2.906112e-06
2.906112e-06
2.906112e-06
2.906112e-06
2.906112e-06
2.906112e-06
2.906112e-06
2.906112e-06
2.906112e-06
2.906112e-06
2.906112e-06
2.906112e-06
2.906112e-06
2.906112e-06
2.906112e-06
2.906112e-06
2.906112e-06
2.906112e-06
2.906112e-06
2.906112e-06
2.906112e-06
2.906112e-06
2.906112e-06
2.906112e-06
2.906112e-06
2.906112e-06
2.906112e-06
2.906112e-06
2.906112e-06
2.906112e-06
2.906112e-06
2.906112e-06
2.906112e-06
2.906112e-06
2.906112e-06
2.906112e-06
2.906112e-06
2.92332088889e-06
2.92332088889e-06
2.92332088889e-06
2.92332088889e-06
2.92332088889e-06
2.92332088889e-06
2.92332088889e-06
2.92332088889e-06
2.92332088889e-06
2.92332088889e-06
2.92332088889e-06
2.92332088889e-06
2.92332088889e-06
2.92332088889e-06
2.92332088889e-06
2.92332088889e-06
2.92332088889e-06
2.92332088889e-06
2.92332088889e-06
2.92332088889e-06
2.92332088889e-06
2.92332088889e-06
2.92332088889e-06
2.92332088889e-06
2.92332088889e-06
2.92332088889e-06
2.92332088889e-06
2.92332088889e-06
2.92332088889e-06
2.92332088889e-06
2.92332088889e-06
2.92332088889e-06
2.92332088889e-06
2.92332088889e-06
2.92332088889e-06
2.92332088889e-06
2.92332088889e-06
2.92332088889e-06
2.92332088889e-06
2.92332088889e-06
2.92332088889e-06
2.92332088889e-06
2.92332088889e-06
2.92332088889e-06
2.92332088889e-06
2.92332088889e-06
2.92332088889e-06
2.92332088889e-06
2.92332088889e-06
2.92332088889e-06
2.92332088889e-06
2.92332088889e-06
2.92332088889e-06
2.92332088889e-06
2.92332088889e-06
2.92332088889e-06
2.92332088889e-06
2.92332088889e-06
2.92332088889e-06
2.92332088889e-06
2.92332088889e-06
2.92332088889e-06
2.92332088889e-06
2.92332088889e-06
2.92332088889e-06
2.92332088889e-06
2.92332088889e-06
2.92332088889e-06
2.92332088889e-06
2.92332088889e-06
2.92332088889e-06
2.92332088889e-06
2.92332088889e-06
2.92332088889e-06
2.92332088889e-06
2.92332088889e-06
2.92332088889e-06
2.92332088889e-06
2.92332088889e-06
2.92332088889e-06
2.92332088889e-06
2.92332088889e-06
2.92332088889e-06
2.92332088889e-06
2.92332088889e-06
2.92332088889e-06
2.92332088889e-06
2.92332088889e-06
2.92332088889e-06
2.92332088889e-06
2.92332088889e-06
2.92332088889e-06
2.92332088889e-06
2.92332088889e-06
2.92332088889e-06
2.92332088889e-06
2.92332088889e-06
2.92332088889e-06
2.92332088889e-06
2.92332088889e-06
2.92332088889e-06
2.92332088889e-06
2.92332088889e-06
2.92332088889e-06
2.92332088889e-06
2.92332088889e-06
2.92332088889e-06
2.92332088889e-06
2.92332088889e-06
2.92332088889e-06
2.92332088889e-06
2.92332088889e-06
2.92332088889e-06
2.92332088889e-06
2.92332088889e-06
2.92332088889e-06
2.92332088889e-06
2.92332088889e-06
2.92332088889e-06
2.92332088889e-06
2.92332088889e-06
2.92332088889e-06
2.92332088889e-06
2.92332088889e-06
2.92332088889e-06
2.92332088889e-06
2.92332088889e-06
2.92332088889e-06
2.92332088889e-06
2.92332088889e-06
2.92332088889e-06
2.92332088889e-06
2.92332088889e-06
2.92332088889e-06
2.92332088889e-06
2.92332088889e-06
2.92332088889e-06
2.92332088889e-06
2.92332088889e-06
2.92332088889e-06
2.92332088889e-06
2.92332088889e-06
2.94084266667e-06
2.94084266667e-06
2.94084266667e-06
2.94084266667e-06
2.94084266667e-06
2.94084266667e-06
2.94084266667e-06
2.94084266667e-06
2.94084266667e-06
2.94084266667e-06
2.94084266667e-06
2.94084266667e-06
2.94084266667e-06
2.94084266667e-06
2.94084266667e-06
2.94084266667e-06
2.94084266667e-06
2.94084266667e-06
2.94084266667e-06
2.94084266667e-06
2.94084266667e-06
2.94084266667e-06
2.94084266667e-06
2.94084266667e-06
2.94084266667e-06
2.94084266667e-06
2.94084266667e-06
2.94084266667e-06
2.94084266667e-06
2.94084266667e-06
2.94084266667e-06
2.94084266667e-06
2.94084266667e-06
2.94084266667e-06
2.94084266667e-06
2.94084266667e-06
2.94084266667e-06
2.94084266667e-06
2.94084266667e-06
2.94084266667e-06
2.94084266667e-06
2.94084266667e-06
2.94084266667e-06
2.94084266667e-06
2.94084266667e-06
2.94084266667e-06
2.94084266667e-06
2.94084266667e-06
2.94084266667e-06
2.94084266667e-06
2.94084266667e-06
2.94084266667e-06
2.94084266667e-06
2.94084266667e-06
2.94084266667e-06
2.94084266667e-06
2.94084266667e-06
2.94084266667e-06
2.94084266667e-06
2.94084266667e-06
2.94084266667e-06
2.94084266667e-06
2.94084266667e-06
2.94084266667e-06
2.94084266667e-06
2.94084266667e-06
2.94084266667e-06
2.94084266667e-06
2.94084266667e-06
2.94084266667e-06
2.94084266667e-06
2.94084266667e-06
2.94084266667e-06
2.94084266667e-06
2.94084266667e-06
2.94084266667e-06
2.94084266667e-06
2.94084266667e-06
2.94084266667e-06
2.94084266667e-06
2.94084266667e-06
2.94084266667e-06
2.94084266667e-06
2.94084266667e-06
2.94084266667e-06
2.94084266667e-06
2.94084266667e-06
2.94084266667e-06
2.94084266667e-06
2.94084266667e-06
2.94084266667e-06
2.94084266667e-06
2.94084266667e-06
2.94084266667e-06
2.94084266667e-06
2.94084266667e-06
2.94084266667e-06
2.94084266667e-06
2.94084266667e-06
2.94084266667e-06
2.94084266667e-06
2.94084266667e-06
2.94084266667e-06
2.94084266667e-06
2.94084266667e-06
2.94084266667e-06
2.94084266667e-06
2.94084266667e-06
2.94084266667e-06
2.94084266667e-06
2.94084266667e-06
2.94084266667e-06
2.94084266667e-06
2.94084266667e-06
2.94084266667e-06
2.94084266667e-06
2.94084266667e-06
2.94084266667e-06
2.94084266667e-06
2.94084266667e-06
2.94084266667e-06
2.94084266667e-06
2.94084266667e-06
2.94084266667e-06
2.94084266667e-06
2.94084266667e-06
2.94084266667e-06
2.94084266667e-06
2.94084266667e-06
2.94084266667e-06
2.94084266667e-06
2.94084266667e-06
2.94084266667e-06
2.94084266667e-06
2.94084266667e-06
2.94084266667e-06
2.94084266667e-06
2.94084266667e-06
2.94084266667e-06
2.94084266667e-06
2.94084266667e-06
2.94084266667e-06
2.94084266667e-06
2.94084266667e-06
2.94084266667e-06
2.94084266667e-06
2.94084266667e-06
2.94084266667e-06
2.94084266667e-06
2.94084266667e-06
2.94084266667e-06
2.94084266667e-06
2.94084266667e-06
2.94084266667e-06
2.94084266667e-06
2.94084266667e-06
2.94084266667e-06
2.94084266667e-06
2.94084266667e-06
2.94084266667e-06
2.94084266667e-06
2.94084266667e-06
2.94084266667e-06
2.94084266667e-06
2.94084266667e-06
2.94084266667e-06
2.94084266667e-06
2.94084266667e-06
2.94084266667e-06
2.94084266667e-06
2.94084266667e-06
2.94084266667e-06
2.94084266667e-06
2.94084266667e-06
2.94084266667e-06
2.94084266667e-06
2.94084266667e-06
2.94084266667e-06
2.94084266667e-06
2.94084266667e-06
2.94084266667e-06
2.94084266667e-06
2.94084266667e-06
2.94084266667e-06
2.94084266667e-06
2.95899022222e-06
2.95899022222e-06
2.95899022222e-06
2.95899022222e-06
2.95899022222e-06
2.95899022222e-06
2.95899022222e-06
2.95899022222e-06
2.95899022222e-06
2.95899022222e-06
2.95899022222e-06
2.95899022222e-06
2.95899022222e-06
2.95899022222e-06
2.95899022222e-06
2.95899022222e-06
2.95899022222e-06
2.95899022222e-06
2.95899022222e-06
2.95899022222e-06
2.95899022222e-06
2.95899022222e-06
2.95899022222e-06
2.95899022222e-06
2.95899022222e-06
2.95899022222e-06
2.95899022222e-06
2.95899022222e-06
2.95899022222e-06
2.95899022222e-06
2.95899022222e-06
2.95899022222e-06
2.95899022222e-06
2.95899022222e-06
2.95899022222e-06
2.95899022222e-06
2.95899022222e-06
2.95899022222e-06
2.95899022222e-06
2.95899022222e-06
2.95899022222e-06
2.95899022222e-06
2.95899022222e-06
2.95899022222e-06
2.95899022222e-06
2.95899022222e-06
2.95899022222e-06
2.95899022222e-06
2.95899022222e-06
2.95899022222e-06
2.95899022222e-06
2.95899022222e-06
2.95899022222e-06
2.95899022222e-06
2.95899022222e-06
2.95899022222e-06
2.95899022222e-06
2.95899022222e-06
2.95899022222e-06
2.95899022222e-06
2.95899022222e-06
2.95899022222e-06
2.95899022222e-06
2.95899022222e-06
2.95899022222e-06
2.95899022222e-06
2.95899022222e-06
2.95899022222e-06
2.95899022222e-06
2.95899022222e-06
2.95899022222e-06
2.95899022222e-06
2.95899022222e-06
2.95899022222e-06
2.95899022222e-06
2.95899022222e-06
2.95899022222e-06
2.95899022222e-06
2.95899022222e-06
2.95899022222e-06
2.95899022222e-06
2.95899022222e-06
2.95899022222e-06
2.95899022222e-06
2.95899022222e-06
2.95899022222e-06
2.95899022222e-06
2.95899022222e-06
2.95899022222e-06
2.95899022222e-06
2.95899022222e-06
2.95899022222e-06
2.95899022222e-06
2.95899022222e-06
2.95899022222e-06
2.95899022222e-06
2.95899022222e-06
2.95899022222e-06
2.95899022222e-06
2.95899022222e-06
2.95899022222e-06
2.95899022222e-06
2.95899022222e-06
2.95899022222e-06
2.95899022222e-06
2.95899022222e-06
2.95899022222e-06
2.95899022222e-06
2.95899022222e-06
2.95899022222e-06
2.95899022222e-06
2.95899022222e-06
2.95899022222e-06
2.95899022222e-06
2.95899022222e-06
2.95899022222e-06
2.95899022222e-06
2.95899022222e-06
2.95899022222e-06
2.95899022222e-06
2.95899022222e-06
2.95899022222e-06
2.95899022222e-06
2.95899022222e-06
2.95899022222e-06
2.95899022222e-06
2.95899022222e-06
2.95899022222e-06
2.95899022222e-06
2.95899022222e-06
2.95899022222e-06
2.95899022222e-06
2.95899022222e-06
2.95899022222e-06
2.95899022222e-06
2.95899022222e-06
2.95899022222e-06
2.95899022222e-06
2.95899022222e-06
2.95899022222e-06
2.95899022222e-06
2.95899022222e-06
2.95899022222e-06
2.95899022222e-06
2.95899022222e-06
2.95899022222e-06
2.95899022222e-06
2.95899022222e-06
2.95899022222e-06
2.95899022222e-06
2.95899022222e-06
2.95899022222e-06
2.95899022222e-06
2.95899022222e-06
2.95899022222e-06
2.95899022222e-06
2.95899022222e-06
2.95899022222e-06
2.95899022222e-06
2.95899022222e-06
2.95899022222e-06
2.95899022222e-06
2.95899022222e-06
2.95899022222e-06
2.95899022222e-06
2.95899022222e-06
2.95899022222e-06
2.95899022222e-06
2.95899022222e-06
2.95899022222e-06
2.95899022222e-06
2.95899022222e-06
2.95899022222e-06
2.95899022222e-06
2.95899022222e-06
2.95899022222e-06
2.95899022222e-06
2.95899022222e-06
2.95899022222e-06
2.95899022222e-06
2.95899022222e-06
2.95899022222e-06
2.95899022222e-06
2.95899022222e-06
2.95899022222e-06
2.95899022222e-06
2.95899022222e-06
2.95899022222e-06
2.95899022222e-06
2.95899022222e-06
2.95899022222e-06
2.95899022222e-06
2.95899022222e-06
2.95899022222e-06
2.95899022222e-06
2.95899022222e-06
2.95899022222e-06
2.95899022222e-06
2.95899022222e-06
2.95899022222e-06
2.95899022222e-06
2.95899022222e-06
2.95899022222e-06
2.95899022222e-06
2.95899022222e-06
2.95899022222e-06
2.95899022222e-06
2.95899022222e-06
2.95899022222e-06
2.95899022222e-06
2.95899022222e-06
2.95899022222e-06
2.95899022222e-06
2.95899022222e-06
2.95899022222e-06
2.95899022222e-06
2.95899022222e-06
2.95899022222e-06
2.95899022222e-06
2.95899022222e-06
2.95899022222e-06
2.95899022222e-06
2.95899022222e-06
2.95899022222e-06
2.95899022222e-06
2.95899022222e-06
2.95899022222e-06
2.95899022222e-06
2.95899022222e-06
2.95899022222e-06
2.95899022222e-06
2.95899022222e-06
2.95899022222e-06
2.95899022222e-06
2.95899022222e-06
2.95899022222e-06
2.95899022222e-06
2.95899022222e-06
2.95899022222e-06
2.95899022222e-06
2.95899022222e-06
2.95899022222e-06
2.95899022222e-06
2.95899022222e-06
2.95899022222e-06
2.95899022222e-06
2.95899022222e-06
2.95899022222e-06
2.95899022222e-06
2.95899022222e-06
2.95899022222e-06
2.95899022222e-06
2.95899022222e-06
2.95899022222e-06
2.95899022222e-06
2.95899022222e-06
2.95899022222e-06
2.95899022222e-06
2.95899022222e-06
2.95899022222e-06
2.95899022222e-06
2.95899022222e-06
2.95899022222e-06
2.95899022222e-06
2.95899022222e-06
2.95899022222e-06
2.95899022222e-06
2.95899022222e-06
2.95899022222e-06
2.95899022222e-06
2.95899022222e-06
2.95899022222e-06
2.95899022222e-06
2.95899022222e-06
2.95899022222e-06
2.95899022222e-06
2.95899022222e-06
2.95899022222e-06
2.95899022222e-06
2.95899022222e-06
2.95899022222e-06
2.95899022222e-06
2.95899022222e-06
2.95899022222e-06
2.95899022222e-06
2.95899022222e-06
2.95899022222e-06
2.95899022222e-06
2.95899022222e-06
2.95899022222e-06
2.95899022222e-06
2.95899022222e-06
2.95899022222e-06
2.95899022222e-06
2.95899022222e-06
2.95899022222e-06
2.95899022222e-06
2.95899022222e-06
2.95899022222e-06
2.95899022222e-06
2.95899022222e-06
2.95899022222e-06
2.95899022222e-06
2.95899022222e-06
2.95899022222e-06
2.95899022222e-06
2.95899022222e-06
2.95899022222e-06
2.95899022222e-06
2.95899022222e-06
2.95899022222e-06
2.95899022222e-06
2.95899022222e-06
2.95899022222e-06
2.95899022222e-06
2.95899022222e-06
2.95899022222e-06
2.95899022222e-06
2.95899022222e-06
2.95899022222e-06
2.95899022222e-06
2.95899022222e-06
2.95899022222e-06
2.95899022222e-06
2.95899022222e-06
2.95899022222e-06
2.95899022222e-06
2.95899022222e-06
2.95899022222e-06
2.95899022222e-06
2.95899022222e-06
2.95899022222e-06
2.95899022222e-06
2.95899022222e-06
2.95899022222e-06
2.95899022222e-06
2.95899022222e-06
2.95899022222e-06
2.95899022222e-06
2.95899022222e-06
2.95899022222e-06
2.95899022222e-06
2.95899022222e-06
2.95899022222e-06
2.95899022222e-06
2.95899022222e-06
2.95899022222e-06
2.95899022222e-06
2.95899022222e-06
2.95899022222e-06
2.95899022222e-06
2.95899022222e-06
2.95899022222e-06
2.95899022222e-06
2.95899022222e-06
2.95899022222e-06
2.95899022222e-06
2.95899022222e-06
2.95899022222e-06
2.95899022222e-06
2.95899022222e-06
2.95899022222e-06
2.95899022222e-06
2.95899022222e-06
2.95899022222e-06
2.95899022222e-06
2.95899022222e-06
2.95899022222e-06
2.95899022222e-06
2.95899022222e-06
2.95899022222e-06
2.95899022222e-06
2.95899022222e-06
2.95899022222e-06
2.95899022222e-06
2.95899022222e-06
2.95899022222e-06
2.95899022222e-06
2.95899022222e-06
2.95899022222e-06
2.95899022222e-06
2.95899022222e-06
2.95899022222e-06
2.95899022222e-06
2.95899022222e-06
2.95899022222e-06
2.95899022222e-06
2.95899022222e-06
2.95899022222e-06
2.95899022222e-06
2.95899022222e-06
2.95899022222e-06
2.95899022222e-06
2.95899022222e-06
2.95899022222e-06
2.95899022222e-06
2.95899022222e-06
2.95899022222e-06
2.95899022222e-06
2.95899022222e-06
2.95899022222e-06
2.95899022222e-06
2.95899022222e-06
2.95899022222e-06
2.95899022222e-06
2.95899022222e-06
2.95899022222e-06
2.95899022222e-06
2.95899022222e-06
2.95899022222e-06
2.95899022222e-06
2.95899022222e-06
2.95899022222e-06
2.95899022222e-06
2.95899022222e-06
2.95899022222e-06
2.95899022222e-06
2.95899022222e-06
2.95899022222e-06
2.95899022222e-06
2.95899022222e-06
2.95899022222e-06
2.95899022222e-06
2.95899022222e-06
2.95899022222e-06
2.95899022222e-06
2.95899022222e-06
2.95899022222e-06
2.95899022222e-06
2.95899022222e-06
2.95899022222e-06
2.95899022222e-06
2.95899022222e-06
2.95899022222e-06
2.95899022222e-06
2.95899022222e-06
2.95899022222e-06
2.95899022222e-06
2.95899022222e-06
2.95899022222e-06
2.95899022222e-06
2.95899022222e-06
2.95899022222e-06
2.95899022222e-06
2.95899022222e-06
2.95899022222e-06
2.95899022222e-06
2.95899022222e-06
2.95899022222e-06
2.95899022222e-06
2.95899022222e-06
2.95899022222e-06
2.95899022222e-06
2.95899022222e-06
2.95899022222e-06
2.95899022222e-06
2.95899022222e-06
2.95899022222e-06
2.95899022222e-06
2.95899022222e-06
2.95899022222e-06
2.95899022222e-06
2.95899022222e-06
2.95899022222e-06
2.95899022222e-06
2.95899022222e-06
2.95899022222e-06
2.95899022222e-06
2.95899022222e-06
2.95899022222e-06
2.95899022222e-06
2.95899022222e-06
2.95899022222e-06
2.95899022222e-06
2.95899022222e-06
2.95899022222e-06
2.95899022222e-06
2.95899022222e-06
2.95899022222e-06
2.95899022222e-06
2.95899022222e-06
2.95899022222e-06
2.95899022222e-06
2.95899022222e-06
2.95899022222e-06
2.95899022222e-06
2.95899022222e-06
2.95899022222e-06
2.95899022222e-06
2.95899022222e-06
2.95899022222e-06
2.95899022222e-06
2.95899022222e-06
2.95899022222e-06
2.95899022222e-06
2.95899022222e-06
2.95899022222e-06
2.95899022222e-06
2.95899022222e-06
2.95899022222e-06
2.95899022222e-06
2.95899022222e-06
2.95899022222e-06
2.95899022222e-06
2.95899022222e-06
2.95899022222e-06
2.95899022222e-06
2.95899022222e-06
2.95899022222e-06
2.95899022222e-06
2.95899022222e-06
2.95899022222e-06
2.95899022222e-06
2.95899022222e-06
2.95899022222e-06
2.95899022222e-06
2.95899022222e-06
2.95899022222e-06
2.95899022222e-06
2.95899022222e-06
2.95899022222e-06
2.95899022222e-06
2.95899022222e-06
2.95899022222e-06
2.95899022222e-06
2.95899022222e-06
2.95899022222e-06
2.95899022222e-06
2.95899022222e-06
2.95899022222e-06
2.95899022222e-06
2.95899022222e-06
2.95899022222e-06
2.95899022222e-06
2.95899022222e-06
2.95899022222e-06
2.95899022222e-06
2.95899022222e-06
2.95899022222e-06
2.95899022222e-06
2.95899022222e-06
2.95899022222e-06
2.95899022222e-06
2.95899022222e-06
2.95899022222e-06
2.95899022222e-06
2.95899022222e-06
2.95899022222e-06
2.95899022222e-06
2.95899022222e-06
2.95899022222e-06
2.95899022222e-06
2.95899022222e-06
2.95899022222e-06
2.95899022222e-06
2.95899022222e-06
2.95899022222e-06
2.95899022222e-06
2.95899022222e-06
2.95899022222e-06
2.95899022222e-06
2.95899022222e-06
2.95899022222e-06
2.95899022222e-06
2.95899022222e-06
2.95899022222e-06
2.95899022222e-06
2.95899022222e-06
2.95899022222e-06
2.95899022222e-06
2.95899022222e-06
2.95899022222e-06
2.95899022222e-06
2.95899022222e-06
2.95899022222e-06
2.95899022222e-06
2.95899022222e-06
2.95899022222e-06
2.95899022222e-06
2.95899022222e-06
2.95899022222e-06
2.95899022222e-06
2.95899022222e-06
2.95899022222e-06
2.95899022222e-06
2.95899022222e-06
2.95899022222e-06
2.95899022222e-06
2.95899022222e-06
2.95899022222e-06
2.95899022222e-06
2.95899022222e-06
2.95899022222e-06
2.95899022222e-06
2.95899022222e-06
2.95899022222e-06
2.95899022222e-06
2.95899022222e-06
2.95899022222e-06
2.95899022222e-06
2.95899022222e-06
2.95899022222e-06
2.95899022222e-06
2.95899022222e-06
2.95899022222e-06
2.95899022222e-06
2.95899022222e-06
2.95899022222e-06
2.95899022222e-06
2.95899022222e-06
2.95899022222e-06
2.95899022222e-06
2.95899022222e-06
2.95899022222e-06
2.95899022222e-06
2.95899022222e-06
2.95899022222e-06
2.95899022222e-06
2.95899022222e-06
2.95899022222e-06
2.95899022222e-06
2.95899022222e-06
2.95899022222e-06
2.95899022222e-06
2.95899022222e-06
2.95899022222e-06
2.95899022222e-06
2.95899022222e-06
2.95899022222e-06
2.95899022222e-06
2.95899022222e-06
2.95899022222e-06
2.95899022222e-06
2.95899022222e-06
2.95899022222e-06
2.95899022222e-06
2.95899022222e-06
2.95899022222e-06
2.95899022222e-06
2.95899022222e-06
2.95899022222e-06
2.95899022222e-06
2.95899022222e-06
2.95899022222e-06
2.95899022222e-06
2.95899022222e-06
2.95899022222e-06
2.95899022222e-06
2.95899022222e-06
2.95899022222e-06
2.95899022222e-06
2.95899022222e-06
2.95899022222e-06
2.95899022222e-06
2.95899022222e-06
2.95899022222e-06
2.95899022222e-06
2.95899022222e-06
2.95899022222e-06
2.95899022222e-06
2.95899022222e-06
2.95899022222e-06
2.95899022222e-06
2.95899022222e-06
2.95899022222e-06
2.95899022222e-06
2.95899022222e-06
2.95899022222e-06
2.95899022222e-06
2.95899022222e-06
2.95899022222e-06
2.95899022222e-06
2.95899022222e-06
2.95899022222e-06
2.95899022222e-06
2.95899022222e-06
2.95899022222e-06
2.95899022222e-06
2.95899022222e-06
2.95899022222e-06
2.95899022222e-06
2.95899022222e-06
2.95899022222e-06
2.95899022222e-06
2.95899022222e-06
2.95899022222e-06
2.95899022222e-06
2.95899022222e-06
2.95899022222e-06
2.95899022222e-06
2.95899022222e-06
2.95899022222e-06
2.95899022222e-06
2.95899022222e-06
2.95899022222e-06
2.95899022222e-06
2.95899022222e-06
2.95899022222e-06
2.95899022222e-06
2.95899022222e-06
2.95899022222e-06
2.95899022222e-06
2.95899022222e-06
2.95899022222e-06
2.95899022222e-06
2.95899022222e-06
2.95899022222e-06
2.95899022222e-06
2.95899022222e-06
2.95899022222e-06
2.95899022222e-06
2.95899022222e-06
2.95899022222e-06
2.95899022222e-06
2.95899022222e-06
2.95899022222e-06
2.95899022222e-06
2.95899022222e-06
2.95899022222e-06
2.95899022222e-06
2.95899022222e-06
2.95899022222e-06
2.95899022222e-06
2.95899022222e-06
2.95899022222e-06
2.95899022222e-06
2.95899022222e-06
2.95899022222e-06
2.95899022222e-06
2.95899022222e-06
2.95899022222e-06
2.95899022222e-06
2.95899022222e-06
2.95899022222e-06
2.95899022222e-06
2.95899022222e-06
2.95899022222e-06
2.95899022222e-06
2.95899022222e-06
2.95899022222e-06
2.95899022222e-06
2.95899022222e-06
2.95899022222e-06
2.95899022222e-06
2.95899022222e-06
2.95899022222e-06
2.95899022222e-06
2.95899022222e-06
2.95899022222e-06
2.95899022222e-06
2.95899022222e-06
2.95899022222e-06
2.95899022222e-06
2.95899022222e-06
2.95899022222e-06
2.95899022222e-06
2.95899022222e-06
2.95899022222e-06
2.95899022222e-06
2.95899022222e-06
2.95899022222e-06
2.95899022222e-06
2.95899022222e-06
2.95899022222e-06
2.95899022222e-06
2.95899022222e-06
2.95899022222e-06
2.95899022222e-06
2.95899022222e-06
2.95899022222e-06
2.95899022222e-06
2.95899022222e-06
2.95899022222e-06
2.95899022222e-06
2.95899022222e-06
2.95899022222e-06
2.95899022222e-06
2.95899022222e-06
2.95899022222e-06
2.95899022222e-06
2.95899022222e-06
2.95899022222e-06
2.95899022222e-06
2.95899022222e-06
2.95899022222e-06
2.95899022222e-06
2.95899022222e-06
2.95899022222e-06
2.95899022222e-06
2.95899022222e-06
2.95899022222e-06
2.95899022222e-06
2.95899022222e-06
2.95899022222e-06
2.95899022222e-06
2.95899022222e-06
2.95899022222e-06
2.95899022222e-06
2.95899022222e-06
2.95899022222e-06
2.95899022222e-06
2.95899022222e-06
2.95899022222e-06
2.95899022222e-06
2.95899022222e-06
2.95899022222e-06
2.95899022222e-06
2.95899022222e-06
2.95899022222e-06
2.95899022222e-06
2.95899022222e-06
2.95899022222e-06
2.95899022222e-06
2.95899022222e-06
2.95899022222e-06
2.95899022222e-06
2.95899022222e-06
2.95899022222e-06
2.95899022222e-06
2.95899022222e-06
2.95899022222e-06
2.95899022222e-06
2.95899022222e-06
2.95899022222e-06
2.95899022222e-06
2.95899022222e-06
2.95899022222e-06
2.95899022222e-06
2.95899022222e-06
2.95899022222e-06
2.95899022222e-06
2.95899022222e-06
2.95899022222e-06
2.95899022222e-06
2.95899022222e-06
2.95899022222e-06
2.95899022222e-06
2.95899022222e-06
2.95899022222e-06
2.95899022222e-06
2.95899022222e-06
2.95899022222e-06
2.95899022222e-06
2.95899022222e-06
2.95899022222e-06
2.95899022222e-06
2.95899022222e-06
2.95899022222e-06
2.95899022222e-06
2.95899022222e-06
2.95899022222e-06
2.95899022222e-06
2.95899022222e-06
2.95899022222e-06
2.95899022222e-06
2.95899022222e-06
2.95899022222e-06
2.95899022222e-06
2.95899022222e-06
2.95899022222e-06
2.95899022222e-06
2.95899022222e-06
2.95899022222e-06
2.95899022222e-06
2.95899022222e-06
2.95899022222e-06
2.95899022222e-06
2.95899022222e-06
2.95899022222e-06
2.95899022222e-06
2.95899022222e-06
2.95899022222e-06
2.95899022222e-06
2.95899022222e-06
2.95899022222e-06
2.95899022222e-06
2.95899022222e-06
2.95899022222e-06
2.95899022222e-06
2.95899022222e-06
2.95899022222e-06
2.95899022222e-06
2.95899022222e-06
2.95899022222e-06
2.95899022222e-06
2.95899022222e-06
2.95899022222e-06
2.95899022222e-06
2.95899022222e-06
2.95899022222e-06
2.95899022222e-06
2.95899022222e-06
2.95899022222e-06
2.95899022222e-06
2.95899022222e-06
2.95899022222e-06
2.95899022222e-06
2.95899022222e-06
2.95899022222e-06
2.95899022222e-06
2.95899022222e-06
2.95899022222e-06
2.95899022222e-06
2.95899022222e-06
2.95899022222e-06
2.95899022222e-06
2.95899022222e-06
2.95899022222e-06
2.95899022222e-06
2.95899022222e-06
2.95899022222e-06
2.95899022222e-06
2.95899022222e-06
2.95899022222e-06
2.95899022222e-06
2.95899022222e-06
2.95899022222e-06
2.95899022222e-06
2.95899022222e-06
2.95899022222e-06
2.95899022222e-06
2.95899022222e-06
2.95899022222e-06
2.95899022222e-06
2.95899022222e-06
2.95899022222e-06
2.95899022222e-06
2.95899022222e-06
2.95899022222e-06
2.95899022222e-06
2.95899022222e-06
2.95899022222e-06
2.95899022222e-06
2.95899022222e-06
2.95899022222e-06
2.95899022222e-06
2.95899022222e-06
2.95899022222e-06
2.95899022222e-06
2.95899022222e-06
2.95899022222e-06
2.95899022222e-06
2.95899022222e-06
2.95899022222e-06
2.95899022222e-06
2.95899022222e-06
2.95899022222e-06
2.95899022222e-06
2.95899022222e-06
2.95899022222e-06
2.95899022222e-06
2.95899022222e-06
2.95899022222e-06
2.95899022222e-06
2.95899022222e-06
2.95899022222e-06
2.95899022222e-06
2.95899022222e-06
2.95899022222e-06
2.95899022222e-06
2.95899022222e-06
2.95899022222e-06
2.95899022222e-06
2.95899022222e-06
2.95899022222e-06
2.95899022222e-06
2.95899022222e-06
2.95899022222e-06
2.95899022222e-06
2.95899022222e-06
2.95899022222e-06
2.95899022222e-06
2.95899022222e-06
2.95899022222e-06
2.95899022222e-06
2.95899022222e-06
2.95899022222e-06
2.95899022222e-06
2.95899022222e-06
2.95899022222e-06
2.95899022222e-06
2.95899022222e-06
2.95899022222e-06
2.95899022222e-06
2.95899022222e-06
2.95899022222e-06
2.95899022222e-06
2.95899022222e-06
2.95899022222e-06
2.95899022222e-06
2.95899022222e-06
2.95899022222e-06
2.95899022222e-06
2.95899022222e-06
2.95899022222e-06
2.95899022222e-06
2.95899022222e-06
2.95899022222e-06
2.95899022222e-06
2.95899022222e-06
2.95899022222e-06
2.95899022222e-06
2.95899022222e-06
2.95899022222e-06
2.95899022222e-06
2.95899022222e-06
2.95899022222e-06
2.95899022222e-06
2.95899022222e-06
2.95899022222e-06
2.95899022222e-06
2.95899022222e-06
2.95899022222e-06
2.95899022222e-06
2.95899022222e-06
2.95899022222e-06
2.95899022222e-06
2.95899022222e-06
2.95899022222e-06
2.95899022222e-06
2.95899022222e-06
2.95899022222e-06
2.95899022222e-06
2.95899022222e-06
2.95899022222e-06
2.95899022222e-06
2.95899022222e-06
2.95899022222e-06
2.95899022222e-06
2.95899022222e-06
2.95899022222e-06
2.95899022222e-06
2.95899022222e-06
2.95899022222e-06
2.95899022222e-06
2.95899022222e-06
2.95899022222e-06
2.95899022222e-06
2.95899022222e-06
2.95899022222e-06
2.95899022222e-06
2.95899022222e-06
2.95899022222e-06
2.95899022222e-06
2.95899022222e-06
2.95899022222e-06
2.95899022222e-06
2.95899022222e-06
2.95899022222e-06
2.95899022222e-06
2.95899022222e-06
2.95899022222e-06
2.95899022222e-06
2.95899022222e-06
2.95899022222e-06
2.95899022222e-06
2.95899022222e-06
2.95899022222e-06
2.95899022222e-06
2.95899022222e-06
2.95899022222e-06
2.95899022222e-06
2.95899022222e-06
2.95899022222e-06
2.95899022222e-06
2.95899022222e-06
2.95899022222e-06
2.95899022222e-06
2.95899022222e-06
2.95899022222e-06
2.95899022222e-06
2.95899022222e-06
2.95899022222e-06
2.95899022222e-06
2.95899022222e-06
2.95899022222e-06
2.95899022222e-06
2.95899022222e-06
2.95899022222e-06
2.95899022222e-06
2.95899022222e-06
2.95899022222e-06
2.95899022222e-06
2.95899022222e-06
2.95899022222e-06
2.95899022222e-06
2.95899022222e-06
2.95899022222e-06
2.95899022222e-06
2.95899022222e-06
2.95899022222e-06
2.95899022222e-06
2.95899022222e-06
2.95899022222e-06
2.95899022222e-06
2.95899022222e-06
2.95899022222e-06
2.95899022222e-06
2.95899022222e-06
2.95899022222e-06
2.95899022222e-06
2.95899022222e-06
2.95899022222e-06
2.95899022222e-06
2.95899022222e-06
2.95899022222e-06
2.95899022222e-06
2.95899022222e-06
2.95899022222e-06
2.95899022222e-06
2.95899022222e-06
2.95899022222e-06
2.95899022222e-06
2.95899022222e-06
2.95899022222e-06
2.95899022222e-06
2.95899022222e-06
2.95899022222e-06
2.95899022222e-06
2.95899022222e-06
2.95899022222e-06
2.95899022222e-06
2.95899022222e-06
2.95899022222e-06
2.95899022222e-06
2.95899022222e-06
2.95899022222e-06
2.95899022222e-06
2.95899022222e-06
2.95899022222e-06
2.95899022222e-06
2.95899022222e-06
2.95899022222e-06
2.95899022222e-06
2.95899022222e-06
2.95899022222e-06
2.95899022222e-06
2.95899022222e-06
2.95899022222e-06
2.95899022222e-06
2.95899022222e-06
2.95899022222e-06
2.95899022222e-06
2.95899022222e-06
2.95899022222e-06
2.95899022222e-06
2.95899022222e-06
2.95899022222e-06
2.95899022222e-06
2.95899022222e-06
2.95899022222e-06
2.95899022222e-06
2.95899022222e-06
2.95899022222e-06
2.95899022222e-06
2.95899022222e-06
2.95899022222e-06
2.95899022222e-06
2.95899022222e-06
2.95899022222e-06
2.95899022222e-06
2.95899022222e-06
2.95899022222e-06
2.95899022222e-06
2.95899022222e-06
2.95899022222e-06
2.95899022222e-06
2.95899022222e-06
2.95899022222e-06
2.95899022222e-06
2.95899022222e-06
2.95899022222e-06
2.95899022222e-06
2.95899022222e-06
2.95899022222e-06
2.95899022222e-06
2.95899022222e-06
2.95899022222e-06
2.95899022222e-06
2.95899022222e-06
2.95899022222e-06
2.95899022222e-06
2.95899022222e-06
2.95899022222e-06
2.95899022222e-06
2.95899022222e-06
2.95899022222e-06
2.95899022222e-06
2.95899022222e-06
2.95899022222e-06
2.95899022222e-06
2.95899022222e-06
2.95899022222e-06
2.95899022222e-06
2.95899022222e-06
2.95899022222e-06
2.95899022222e-06
2.95899022222e-06
2.95899022222e-06
2.95899022222e-06
2.95899022222e-06
2.95899022222e-06
2.95899022222e-06
2.95899022222e-06
2.95899022222e-06
2.95899022222e-06
2.95899022222e-06
2.95899022222e-06
2.95899022222e-06
2.95899022222e-06
2.95899022222e-06
2.95899022222e-06
2.95899022222e-06
2.95899022222e-06
2.95899022222e-06
2.95899022222e-06
2.95899022222e-06
2.95899022222e-06
2.95899022222e-06
2.95899022222e-06
2.95899022222e-06
2.95899022222e-06
2.95899022222e-06
2.95899022222e-06
2.95899022222e-06
2.95899022222e-06
2.95899022222e-06
2.95899022222e-06
2.95899022222e-06
2.95899022222e-06
2.95899022222e-06
2.95899022222e-06
2.95899022222e-06
2.95899022222e-06
2.95899022222e-06
2.95899022222e-06
2.95899022222e-06
2.95899022222e-06
2.95899022222e-06
2.95899022222e-06
2.95899022222e-06
2.95899022222e-06
2.95899022222e-06
2.95899022222e-06
2.95899022222e-06
2.95899022222e-06
2.95899022222e-06
2.95899022222e-06
2.95899022222e-06
2.95899022222e-06
2.95899022222e-06
2.95899022222e-06
2.95899022222e-06
2.95899022222e-06
2.95899022222e-06
2.95899022222e-06
2.95899022222e-06
2.95899022222e-06
2.95899022222e-06
2.95899022222e-06
2.95899022222e-06
2.95899022222e-06
2.95899022222e-06
2.95899022222e-06
2.95899022222e-06
2.95899022222e-06
2.95899022222e-06
2.95899022222e-06
2.95899022222e-06
2.95899022222e-06
2.95899022222e-06
2.95899022222e-06
2.95899022222e-06
2.95899022222e-06
2.95899022222e-06
2.95899022222e-06
2.95899022222e-06
2.95899022222e-06
2.95899022222e-06
2.95899022222e-06
2.95899022222e-06
2.95899022222e-06
2.95899022222e-06
2.95899022222e-06
2.95899022222e-06
2.95899022222e-06
2.95899022222e-06
2.95899022222e-06
2.95899022222e-06
2.95899022222e-06
2.95899022222e-06
2.95899022222e-06
2.95899022222e-06
2.95899022222e-06
2.95899022222e-06
2.95899022222e-06
2.95899022222e-06
2.95899022222e-06
2.95899022222e-06
2.95899022222e-06
2.95899022222e-06
2.95899022222e-06
2.95899022222e-06
2.95899022222e-06
2.95899022222e-06
2.95899022222e-06
2.95899022222e-06
2.95899022222e-06
2.95899022222e-06
2.95899022222e-06
2.95899022222e-06
2.95899022222e-06
2.95899022222e-06
2.95899022222e-06
2.95899022222e-06
2.95899022222e-06
2.95899022222e-06
2.95899022222e-06
2.95899022222e-06
2.95899022222e-06
2.95899022222e-06
2.95899022222e-06
2.95899022222e-06
2.95899022222e-06
2.95899022222e-06
2.95899022222e-06
2.95899022222e-06
2.95899022222e-06
2.95899022222e-06
2.95899022222e-06
2.95899022222e-06
2.95899022222e-06
2.95899022222e-06
2.95899022222e-06
2.95899022222e-06
2.95899022222e-06
2.95899022222e-06
2.95899022222e-06
2.95899022222e-06
2.95899022222e-06
2.95899022222e-06
2.95899022222e-06
2.95899022222e-06
2.95899022222e-06
2.95899022222e-06
2.95899022222e-06
2.95899022222e-06
2.95899022222e-06
2.95899022222e-06
2.95899022222e-06
2.95899022222e-06
2.95899022222e-06
2.95899022222e-06
2.95899022222e-06
2.95899022222e-06
2.95899022222e-06
2.95899022222e-06
2.95899022222e-06
2.95899022222e-06
2.95899022222e-06
2.95899022222e-06
2.95899022222e-06
2.95899022222e-06
2.95899022222e-06
2.95899022222e-06
2.95899022222e-06
2.95899022222e-06
2.95899022222e-06
2.95899022222e-06
2.95899022222e-06
2.95899022222e-06
2.95899022222e-06
2.95899022222e-06
2.95899022222e-06
2.95899022222e-06
2.95899022222e-06
2.95899022222e-06
2.95899022222e-06
2.95899022222e-06
2.95899022222e-06
2.95899022222e-06
2.95899022222e-06
2.95899022222e-06
2.95899022222e-06
2.95899022222e-06
2.95899022222e-06
2.95899022222e-06
2.95899022222e-06
2.95899022222e-06
2.95899022222e-06
2.95899022222e-06
2.95899022222e-06
2.95899022222e-06
2.95899022222e-06
2.95899022222e-06
2.95899022222e-06
2.95899022222e-06
2.95899022222e-06
2.95899022222e-06
2.95899022222e-06
2.95899022222e-06
2.95899022222e-06
2.95899022222e-06
2.95899022222e-06
2.95899022222e-06
2.95899022222e-06
2.95899022222e-06
2.95899022222e-06
2.95899022222e-06
2.95899022222e-06
2.95899022222e-06
2.95899022222e-06
2.95899022222e-06
2.95899022222e-06
2.95899022222e-06
2.95899022222e-06
2.95899022222e-06
2.95899022222e-06
2.95899022222e-06
2.95899022222e-06
2.95899022222e-06
2.95899022222e-06
2.95899022222e-06
2.95899022222e-06
2.95899022222e-06
2.95899022222e-06
2.95899022222e-06
2.95899022222e-06
2.95899022222e-06
2.95899022222e-06
2.95899022222e-06
2.95899022222e-06
2.95899022222e-06
2.95899022222e-06
2.95899022222e-06
2.95899022222e-06
2.95899022222e-06
2.95899022222e-06
2.95899022222e-06
2.95899022222e-06
2.95899022222e-06
2.95899022222e-06
2.95899022222e-06
2.95899022222e-06
2.95899022222e-06
2.95899022222e-06
2.95899022222e-06
2.95899022222e-06
2.95899022222e-06
2.95899022222e-06
2.95899022222e-06
2.95899022222e-06
2.95899022222e-06
2.95899022222e-06
2.95899022222e-06
2.95899022222e-06
2.95899022222e-06
2.95899022222e-06
2.95899022222e-06
2.95899022222e-06
2.95899022222e-06
2.95899022222e-06
2.95899022222e-06
2.95899022222e-06
2.95899022222e-06
2.95899022222e-06
2.95899022222e-06
2.95899022222e-06
2.95899022222e-06
2.95899022222e-06
2.95899022222e-06
2.95899022222e-06
2.95899022222e-06
2.95899022222e-06
2.95899022222e-06
2.95899022222e-06
2.95899022222e-06
2.95899022222e-06
2.95899022222e-06
2.95899022222e-06
2.95899022222e-06
2.95899022222e-06
2.95899022222e-06
2.95899022222e-06
2.95899022222e-06
2.95899022222e-06
2.95899022222e-06
2.95899022222e-06
2.95899022222e-06
2.95899022222e-06
2.95899022222e-06
2.95899022222e-06
2.95899022222e-06
2.95899022222e-06
2.95899022222e-06
2.95899022222e-06
2.95899022222e-06
2.95899022222e-06
2.95899022222e-06
2.95899022222e-06
2.95899022222e-06
2.95899022222e-06
2.95899022222e-06
2.95899022222e-06
2.95899022222e-06
2.95899022222e-06
2.95899022222e-06
2.95899022222e-06
2.95899022222e-06
2.95899022222e-06
2.95899022222e-06
2.95899022222e-06
2.95899022222e-06
2.95899022222e-06
2.95899022222e-06
2.95899022222e-06
2.95899022222e-06
2.95899022222e-06
2.95899022222e-06
2.95899022222e-06
2.95899022222e-06
2.95899022222e-06
2.95899022222e-06
2.95899022222e-06
2.95899022222e-06
2.95899022222e-06
2.95899022222e-06
2.95899022222e-06
2.95899022222e-06
2.95899022222e-06
2.95899022222e-06
2.95899022222e-06
2.95899022222e-06
2.95899022222e-06
2.95899022222e-06
2.95899022222e-06
2.95899022222e-06
2.95899022222e-06
2.95899022222e-06
2.95899022222e-06
2.95899022222e-06
2.95899022222e-06
2.95899022222e-06
2.95899022222e-06
2.95899022222e-06
2.95899022222e-06
2.95899022222e-06
2.95899022222e-06
2.95899022222e-06
2.95899022222e-06
2.95899022222e-06
2.95899022222e-06
2.95899022222e-06
2.95899022222e-06
2.95899022222e-06
2.95899022222e-06
2.95899022222e-06
2.95899022222e-06
2.95899022222e-06
2.95899022222e-06
2.95899022222e-06
2.95899022222e-06
2.95899022222e-06
2.95899022222e-06
2.95899022222e-06
2.95899022222e-06
2.95899022222e-06
2.95899022222e-06
2.95899022222e-06
2.95899022222e-06
2.95899022222e-06
2.95899022222e-06
2.95899022222e-06
2.95899022222e-06
2.95899022222e-06
2.95899022222e-06
2.95899022222e-06
2.95899022222e-06
2.95899022222e-06
2.95899022222e-06
2.95899022222e-06
2.95899022222e-06
2.95899022222e-06
2.95899022222e-06
2.95899022222e-06
2.95899022222e-06
2.95899022222e-06
2.95899022222e-06
2.95899022222e-06
2.95899022222e-06
2.95899022222e-06
2.95899022222e-06
2.95899022222e-06
2.95899022222e-06
2.95899022222e-06
2.95899022222e-06
2.95899022222e-06
2.95899022222e-06
2.95899022222e-06
2.95899022222e-06
2.95899022222e-06
2.95899022222e-06
2.95899022222e-06
2.95899022222e-06
2.95899022222e-06
2.95899022222e-06
2.95899022222e-06
2.95899022222e-06
2.95899022222e-06
2.95899022222e-06
2.95899022222e-06
2.95899022222e-06
2.95899022222e-06
2.95899022222e-06
2.95899022222e-06
2.95899022222e-06
2.95899022222e-06
2.95899022222e-06
2.95899022222e-06
2.95899022222e-06
2.95899022222e-06
2.95899022222e-06
2.95899022222e-06
2.95899022222e-06
2.95899022222e-06
2.95899022222e-06
2.95899022222e-06
2.95899022222e-06
2.95899022222e-06
2.95899022222e-06
2.95899022222e-06
2.95899022222e-06
2.95899022222e-06
2.95899022222e-06
2.95899022222e-06
2.95899022222e-06
2.95899022222e-06
2.95899022222e-06
2.95899022222e-06
2.95899022222e-06
2.95899022222e-06
2.95899022222e-06
2.95899022222e-06
2.95899022222e-06
2.95899022222e-06
2.95899022222e-06
2.95899022222e-06
2.95899022222e-06
2.95899022222e-06
2.95899022222e-06
2.95899022222e-06
2.95899022222e-06
2.95899022222e-06
2.95899022222e-06
2.95899022222e-06
2.95899022222e-06
2.95899022222e-06
2.95899022222e-06
2.95899022222e-06
2.95899022222e-06
2.95899022222e-06
2.95899022222e-06
2.95899022222e-06
2.95899022222e-06
2.95899022222e-06
2.95899022222e-06
2.95899022222e-06
2.95899022222e-06
2.95899022222e-06
2.95899022222e-06
2.95899022222e-06
2.95899022222e-06
2.95899022222e-06
2.95899022222e-06
2.95899022222e-06
2.95899022222e-06
2.95899022222e-06
2.95899022222e-06
2.95899022222e-06
2.95899022222e-06
2.95899022222e-06
2.95899022222e-06
2.95899022222e-06
2.95899022222e-06
2.95899022222e-06
2.95899022222e-06
2.95899022222e-06
2.95899022222e-06
2.95899022222e-06
2.95899022222e-06
2.95899022222e-06
2.95899022222e-06
2.95899022222e-06
2.95899022222e-06
2.95899022222e-06
2.95899022222e-06
2.95899022222e-06
2.95899022222e-06
2.95899022222e-06
2.95899022222e-06
2.95899022222e-06
2.95899022222e-06
2.95899022222e-06
2.95899022222e-06
2.95899022222e-06
2.95899022222e-06
2.95899022222e-06
2.95899022222e-06
2.95899022222e-06
2.95899022222e-06
2.95899022222e-06
2.95899022222e-06
2.95899022222e-06
2.95899022222e-06
2.95899022222e-06
2.95899022222e-06
2.95899022222e-06
2.95899022222e-06
2.95899022222e-06
2.95899022222e-06
2.95899022222e-06
2.95899022222e-06
2.95899022222e-06
2.95899022222e-06
2.95899022222e-06
2.95899022222e-06
2.95899022222e-06
2.95899022222e-06
2.95899022222e-06
2.95899022222e-06
2.95899022222e-06
2.95899022222e-06
2.95899022222e-06
2.95899022222e-06
2.95899022222e-06
2.95899022222e-06
2.95899022222e-06
2.95899022222e-06
2.95899022222e-06
2.95899022222e-06
2.95899022222e-06
2.95899022222e-06
2.95899022222e-06
2.95899022222e-06
2.95899022222e-06
2.95899022222e-06
2.95899022222e-06
2.95899022222e-06
2.95899022222e-06
2.95899022222e-06
2.95899022222e-06
2.95899022222e-06
2.95899022222e-06
2.95899022222e-06
2.95899022222e-06
2.95899022222e-06
2.95899022222e-06
2.95899022222e-06
2.95899022222e-06
2.95899022222e-06
2.95899022222e-06
2.95899022222e-06
2.95899022222e-06
2.95899022222e-06
2.95899022222e-06
2.95899022222e-06
2.95899022222e-06
2.95899022222e-06
2.95899022222e-06
2.95899022222e-06
2.95899022222e-06
2.95899022222e-06
2.95899022222e-06
2.95899022222e-06
2.95899022222e-06
2.95899022222e-06
2.95899022222e-06
2.95899022222e-06
2.95899022222e-06
2.95899022222e-06
2.95899022222e-06
2.95899022222e-06
2.95899022222e-06
2.95899022222e-06
2.95899022222e-06
2.95899022222e-06
2.95899022222e-06
2.95899022222e-06
2.95899022222e-06
2.95899022222e-06
2.95899022222e-06
2.95899022222e-06
2.95899022222e-06
2.95899022222e-06
2.95899022222e-06
2.95899022222e-06
2.95899022222e-06
2.95899022222e-06
2.95899022222e-06
2.95899022222e-06
2.95899022222e-06
2.95899022222e-06
2.95899022222e-06
2.95899022222e-06
2.95899022222e-06
2.95899022222e-06
2.95899022222e-06
2.95899022222e-06
2.95899022222e-06
2.95899022222e-06
2.95899022222e-06
2.95899022222e-06
2.95899022222e-06
2.95899022222e-06
2.95899022222e-06
2.95899022222e-06
2.95899022222e-06
2.95899022222e-06
2.95899022222e-06
2.95899022222e-06
2.95899022222e-06
2.95899022222e-06
2.95899022222e-06
2.95899022222e-06
2.95899022222e-06
2.95899022222e-06
2.95899022222e-06
2.95899022222e-06
2.95899022222e-06
2.95899022222e-06
2.95899022222e-06
2.95899022222e-06
2.95899022222e-06
2.95899022222e-06
2.95899022222e-06
2.95899022222e-06
2.95899022222e-06
2.95899022222e-06
2.95899022222e-06
2.95899022222e-06
2.95899022222e-06
2.95899022222e-06
2.95899022222e-06
2.95899022222e-06
2.95899022222e-06
2.95899022222e-06
2.95899022222e-06
2.95899022222e-06
2.95899022222e-06
2.95899022222e-06
2.95899022222e-06
2.95899022222e-06
2.95899022222e-06
2.95899022222e-06
2.95899022222e-06
2.95899022222e-06
2.95899022222e-06
2.95899022222e-06
2.95899022222e-06
2.95899022222e-06
2.95899022222e-06
2.95899022222e-06
2.95899022222e-06
2.95899022222e-06
2.95899022222e-06
2.95899022222e-06
2.95899022222e-06
2.95899022222e-06
2.95899022222e-06
2.95899022222e-06
2.95899022222e-06
2.95899022222e-06
2.95899022222e-06
2.95899022222e-06
2.95899022222e-06
2.95899022222e-06
2.95899022222e-06
2.95899022222e-06
2.95899022222e-06
2.95899022222e-06
2.95899022222e-06
2.95899022222e-06
2.95899022222e-06
2.95899022222e-06
2.95899022222e-06
2.95899022222e-06
2.95899022222e-06
2.95899022222e-06
2.95899022222e-06
2.95899022222e-06
2.95899022222e-06
2.95899022222e-06
2.95899022222e-06
2.95899022222e-06
2.95899022222e-06
2.95899022222e-06
2.95899022222e-06
2.95899022222e-06
2.95899022222e-06
2.95899022222e-06
2.95899022222e-06
2.95899022222e-06
2.95899022222e-06
2.95899022222e-06
2.95899022222e-06
2.95899022222e-06
2.95899022222e-06
2.95899022222e-06
2.95899022222e-06
2.95899022222e-06
2.95899022222e-06
2.95899022222e-06
2.95899022222e-06
2.95899022222e-06
2.95899022222e-06
2.95899022222e-06
2.95899022222e-06
2.95899022222e-06
2.95899022222e-06
2.95899022222e-06
2.95899022222e-06
2.95899022222e-06
2.95899022222e-06
2.95899022222e-06
2.95899022222e-06
2.95899022222e-06
2.95899022222e-06
2.95899022222e-06
2.95899022222e-06
2.95899022222e-06
2.95899022222e-06
2.95899022222e-06
2.95899022222e-06
2.95899022222e-06
2.95899022222e-06
2.95899022222e-06
2.95899022222e-06
2.95899022222e-06
2.95899022222e-06
2.95899022222e-06
2.95899022222e-06
2.95899022222e-06
2.95899022222e-06
2.95899022222e-06
2.95899022222e-06
2.95899022222e-06
2.95899022222e-06
2.95899022222e-06
2.95899022222e-06
2.95899022222e-06
2.95899022222e-06
2.95899022222e-06
2.95899022222e-06
2.95899022222e-06
2.95899022222e-06
2.95899022222e-06
2.95899022222e-06
2.95899022222e-06
2.95899022222e-06
2.95899022222e-06
2.95899022222e-06
2.95899022222e-06
2.95899022222e-06
2.95899022222e-06
2.95899022222e-06
2.95899022222e-06
2.95899022222e-06
2.95899022222e-06
2.95899022222e-06
2.95899022222e-06
2.95899022222e-06
2.95899022222e-06
2.95899022222e-06
2.95899022222e-06
2.95899022222e-06
2.95899022222e-06
2.95899022222e-06
2.95899022222e-06
2.95899022222e-06
2.95899022222e-06
2.95899022222e-06
2.95899022222e-06
2.95899022222e-06
2.95899022222e-06
2.95899022222e-06
2.95899022222e-06
2.95899022222e-06
2.95899022222e-06
2.95899022222e-06
2.95899022222e-06
2.95899022222e-06
2.95899022222e-06
2.95899022222e-06
2.95899022222e-06
2.95899022222e-06
2.95899022222e-06
2.95899022222e-06
2.95899022222e-06
2.95899022222e-06
2.95899022222e-06
2.95899022222e-06
2.95899022222e-06
2.95899022222e-06
2.95899022222e-06
2.95899022222e-06
2.95899022222e-06
2.95899022222e-06
2.95899022222e-06
2.95899022222e-06
2.95899022222e-06
2.95899022222e-06
2.95899022222e-06
2.95899022222e-06
2.95899022222e-06
2.95899022222e-06
2.95899022222e-06
2.95899022222e-06
2.95899022222e-06
2.95899022222e-06
2.95899022222e-06
2.95899022222e-06
2.95899022222e-06
2.95899022222e-06
2.95899022222e-06
2.95899022222e-06
2.95899022222e-06
2.95899022222e-06
2.95899022222e-06
2.95899022222e-06
2.95899022222e-06
2.95899022222e-06
2.95899022222e-06
2.95899022222e-06
2.95899022222e-06
2.95899022222e-06
2.95899022222e-06
2.95899022222e-06
2.95899022222e-06
2.95899022222e-06
2.95899022222e-06
2.95899022222e-06
2.95899022222e-06
2.95899022222e-06
2.95899022222e-06
2.95899022222e-06
2.95899022222e-06
2.95899022222e-06
2.95899022222e-06
2.95899022222e-06
2.95899022222e-06
2.95899022222e-06
2.95899022222e-06
2.95899022222e-06
2.95899022222e-06
2.95899022222e-06
2.95899022222e-06
2.95899022222e-06
2.95899022222e-06
2.95899022222e-06
2.95899022222e-06
2.95899022222e-06
2.95899022222e-06
2.95899022222e-06
2.95899022222e-06
2.95899022222e-06
2.95899022222e-06
2.95899022222e-06
2.95899022222e-06
2.95899022222e-06
2.95899022222e-06
2.95899022222e-06
2.95899022222e-06
2.95899022222e-06
2.95899022222e-06
2.95899022222e-06
2.95899022222e-06
2.95899022222e-06
2.95899022222e-06
2.95899022222e-06
2.95899022222e-06
2.95899022222e-06
2.95899022222e-06
2.95899022222e-06
2.95899022222e-06
2.95899022222e-06
2.95899022222e-06
2.95899022222e-06
2.95899022222e-06
2.95899022222e-06
2.95899022222e-06
2.95899022222e-06
2.95899022222e-06
2.95899022222e-06
2.95899022222e-06
2.95899022222e-06
2.95899022222e-06
2.95899022222e-06
2.95899022222e-06
2.95899022222e-06
2.95899022222e-06
2.95899022222e-06
2.95899022222e-06
2.95899022222e-06
2.95899022222e-06
2.95899022222e-06
2.95899022222e-06
2.95899022222e-06
2.95899022222e-06
2.95899022222e-06
2.95899022222e-06
2.95899022222e-06
2.95899022222e-06
2.95899022222e-06
2.95899022222e-06
2.95899022222e-06
2.95899022222e-06
2.95899022222e-06
2.95899022222e-06
2.95899022222e-06
2.95899022222e-06
2.95899022222e-06
2.95899022222e-06
2.95899022222e-06
2.95899022222e-06
2.95899022222e-06
2.95899022222e-06
2.95899022222e-06
2.95899022222e-06
2.95899022222e-06
2.95899022222e-06
2.95899022222e-06
2.95899022222e-06
2.95899022222e-06
2.95899022222e-06
2.95899022222e-06
2.95899022222e-06
2.95899022222e-06
2.95899022222e-06
2.95899022222e-06
2.95899022222e-06
2.95899022222e-06
2.95899022222e-06
2.95899022222e-06
2.95899022222e-06
2.95899022222e-06
2.95899022222e-06
2.95899022222e-06
2.95899022222e-06
2.95899022222e-06
2.95899022222e-06
2.95899022222e-06
2.95899022222e-06
2.95899022222e-06
2.95899022222e-06
2.95899022222e-06
2.95899022222e-06
2.95899022222e-06
2.95899022222e-06
2.95899022222e-06
2.95899022222e-06
2.95899022222e-06
2.95899022222e-06
2.95899022222e-06
2.95899022222e-06
2.95899022222e-06
2.95899022222e-06
2.95899022222e-06
2.95899022222e-06
2.95899022222e-06
2.95899022222e-06
2.95899022222e-06
2.95899022222e-06
2.95899022222e-06
2.95899022222e-06
2.95899022222e-06
2.95899022222e-06
2.95899022222e-06
2.95899022222e-06
2.95899022222e-06
2.95899022222e-06
2.95899022222e-06
2.95899022222e-06
2.95899022222e-06
2.95899022222e-06
2.95899022222e-06
2.95899022222e-06
2.95899022222e-06
2.95899022222e-06
2.95899022222e-06
2.95899022222e-06
2.95899022222e-06
2.95899022222e-06
2.95899022222e-06
2.95899022222e-06
2.95899022222e-06
2.95899022222e-06
2.95899022222e-06
2.95899022222e-06
2.95899022222e-06
2.95899022222e-06
2.95899022222e-06
2.95899022222e-06
2.95899022222e-06
2.95899022222e-06
2.95899022222e-06
2.95899022222e-06
2.95899022222e-06
2.95899022222e-06
2.95899022222e-06
2.95899022222e-06
2.95899022222e-06
2.95899022222e-06
2.95899022222e-06
2.95899022222e-06
2.95899022222e-06
2.95899022222e-06
2.95899022222e-06
2.95899022222e-06
2.95899022222e-06
2.95899022222e-06
2.95899022222e-06
2.95899022222e-06
2.95899022222e-06
2.95899022222e-06
2.95899022222e-06
2.95899022222e-06
2.95899022222e-06
2.95899022222e-06
2.95899022222e-06
2.95899022222e-06
2.95899022222e-06
2.95899022222e-06
2.95899022222e-06
2.95899022222e-06
2.95899022222e-06
2.95899022222e-06
2.95899022222e-06
2.95899022222e-06
2.95899022222e-06
2.95899022222e-06
2.95899022222e-06
2.95899022222e-06
2.95899022222e-06
2.95899022222e-06
2.95899022222e-06
2.95899022222e-06
2.95899022222e-06
2.95899022222e-06
2.95899022222e-06
2.95899022222e-06
2.95899022222e-06
2.95899022222e-06
2.95899022222e-06
2.95899022222e-06
2.95899022222e-06
2.95899022222e-06
2.95899022222e-06
2.95899022222e-06
2.95899022222e-06
2.95899022222e-06
2.95899022222e-06
2.95899022222e-06
2.95899022222e-06
2.95899022222e-06
2.95899022222e-06
2.95899022222e-06
2.95899022222e-06
2.95899022222e-06
2.95899022222e-06
2.95899022222e-06
2.95899022222e-06
2.95899022222e-06
2.95899022222e-06
2.95899022222e-06
2.95899022222e-06
2.95899022222e-06
2.95899022222e-06
2.95899022222e-06
2.95899022222e-06
2.95899022222e-06
2.95899022222e-06
2.95899022222e-06
2.95899022222e-06
2.95899022222e-06
2.95899022222e-06
2.95899022222e-06
2.95899022222e-06
2.95899022222e-06
2.95899022222e-06
2.95899022222e-06
2.95899022222e-06
2.95899022222e-06
2.95899022222e-06
2.95899022222e-06
2.95899022222e-06
2.95899022222e-06
2.95899022222e-06
2.95899022222e-06
2.95899022222e-06
2.95899022222e-06
2.95899022222e-06
2.95899022222e-06
2.95899022222e-06
2.95899022222e-06
2.95899022222e-06
2.95899022222e-06
2.95899022222e-06
2.95899022222e-06
2.95899022222e-06
2.95899022222e-06
2.95899022222e-06
2.95899022222e-06
2.95899022222e-06
2.95899022222e-06
2.95899022222e-06
2.95899022222e-06
2.95899022222e-06
2.95899022222e-06
2.95899022222e-06
2.95899022222e-06
2.95899022222e-06
2.95899022222e-06
2.95899022222e-06
2.95899022222e-06
2.95899022222e-06
2.95899022222e-06
2.95899022222e-06
2.95899022222e-06
2.95899022222e-06
2.95899022222e-06
2.95899022222e-06
2.95899022222e-06
2.95899022222e-06
2.95899022222e-06
2.95899022222e-06
2.95899022222e-06
2.95899022222e-06
2.95899022222e-06
2.95899022222e-06
2.95899022222e-06
2.95899022222e-06
2.95899022222e-06
2.95899022222e-06
2.95899022222e-06
2.95899022222e-06
2.95899022222e-06
2.95899022222e-06
2.95899022222e-06
2.95899022222e-06
2.95899022222e-06
2.95899022222e-06
2.95899022222e-06
2.95899022222e-06
2.95899022222e-06
2.95899022222e-06
2.95899022222e-06
2.95899022222e-06
2.95899022222e-06
2.95899022222e-06
2.95899022222e-06
2.95899022222e-06
2.95899022222e-06
2.95899022222e-06
2.95899022222e-06
2.95899022222e-06
2.95899022222e-06
2.95899022222e-06
2.95899022222e-06
2.95899022222e-06
2.95899022222e-06
2.95899022222e-06
2.95899022222e-06
2.95899022222e-06
2.95899022222e-06
2.95899022222e-06
2.95899022222e-06
2.95899022222e-06
2.95899022222e-06
2.95899022222e-06
2.95899022222e-06
2.95899022222e-06
2.95899022222e-06
2.95899022222e-06
2.95899022222e-06
2.95899022222e-06
2.95899022222e-06
2.95899022222e-06
2.95899022222e-06
2.95899022222e-06
2.95899022222e-06
2.95899022222e-06
2.95899022222e-06
2.95899022222e-06
2.95899022222e-06
2.95899022222e-06
2.95899022222e-06
2.95899022222e-06
2.95899022222e-06
2.95899022222e-06
2.95899022222e-06
2.95899022222e-06
2.95899022222e-06
2.95899022222e-06
2.95899022222e-06
2.95899022222e-06
2.95899022222e-06
2.95899022222e-06
2.95899022222e-06
2.95899022222e-06
2.95899022222e-06
2.95899022222e-06
2.95899022222e-06
2.95899022222e-06
2.95899022222e-06
2.95899022222e-06
2.95899022222e-06
2.95899022222e-06
2.95899022222e-06
2.95899022222e-06
2.95899022222e-06
2.95899022222e-06
2.95899022222e-06
2.95899022222e-06
2.95899022222e-06
2.95899022222e-06
2.95899022222e-06
2.95899022222e-06
2.95899022222e-06
2.95899022222e-06
2.95899022222e-06
2.95899022222e-06
2.95899022222e-06
2.95899022222e-06
2.95899022222e-06
2.95899022222e-06
2.95899022222e-06
2.95899022222e-06
2.95899022222e-06
2.95899022222e-06
2.95899022222e-06
2.95899022222e-06
2.95899022222e-06
2.95899022222e-06
2.95899022222e-06
2.95899022222e-06
2.95899022222e-06
2.95899022222e-06
2.95899022222e-06
2.95899022222e-06
2.95899022222e-06
2.95899022222e-06
2.95899022222e-06
2.95899022222e-06
2.95899022222e-06
2.95899022222e-06
2.95899022222e-06
2.95899022222e-06
2.95899022222e-06
2.95899022222e-06
2.95899022222e-06
2.95899022222e-06
2.95899022222e-06
2.95899022222e-06
2.95899022222e-06
2.95899022222e-06
2.95899022222e-06
2.95899022222e-06
2.95899022222e-06
2.95899022222e-06
2.95899022222e-06
2.95899022222e-06
2.95899022222e-06
2.95899022222e-06
2.95899022222e-06
2.95899022222e-06
2.95899022222e-06
2.95899022222e-06
2.95899022222e-06
2.95899022222e-06
2.95899022222e-06