3.7312e-08
3.85557333333e-08
3.89703111111e-08
3.81411555556e-08
3.97994666667e-08
3.97994666667e-08
4.06286222222e-08
4.12504888889e-08
4.14577777778e-08
4.37379555556e-08
4.43598222222e-08
4.45671111111e-08
4.51889777778e-08
4.47744e-08
4.45671111111e-08
4.45671111111e-08
4.72618666667e-08
4.93347555556e-08
5.01639111111e-08
4.91274666667e-08
4.85056e-08
4.82983111111e-08
4.82983111111e-08
4.87128888889e-08
4.76764444444e-08
4.87128888889e-08
4.99566222222e-08
5.14076444444e-08
5.24440888889e-08
5.26513777778e-08
5.36878222222e-08
5.41024e-08
5.45169777778e-08
5.38951111111e-08
5.45169777778e-08
5.41024e-08
5.41024e-08
5.41024e-08
5.41024e-08
5.55534222222e-08
5.5968e-08
5.53461333333e-08
5.57607111111e-08
5.74190222222e-08
5.82481777778e-08
5.70044444444e-08
5.72117333333e-08
5.94919111111e-08
5.80408888889e-08
5.92846222222e-08
6.26012444444e-08
6.17720888889e-08
6.15648e-08
6.23939555556e-08
6.48814222222e-08
6.55032888889e-08
6.63324444444e-08
6.59178666667e-08
6.59178666667e-08
6.75761777778e-08
6.77834666667e-08
6.94417777778e-08
6.88199111111e-08
6.90272e-08
6.94417777778e-08
6.96490666667e-08
7.00636444444e-08
7.19292444444e-08
7.25511111111e-08
7.48312888889e-08
7.81479111111e-08
8.16718222222e-08
7.93916444444e-08
8.06353777778e-08
8.04280888889e-08
8.06353777778e-08
8.43665777778e-08
8.37447111111e-08
8.70613333333e-08
8.83050666667e-08
9.05852444444e-08
9.24508444444e-08
9.55601777778e-08
9.65966222222e-08
9.65966222222e-08
1.01156977778e-07
1.03644444444e-07
1.04059022222e-07
1.03437155556e-07
1.03644444444e-07
1.04059022222e-07
1.04266311111e-07
1.05510044444e-07
1.05717333333e-07
1.06131911111e-07
1.07375644444e-07
1.082048e-07
1.10899555556e-07
1.14008888889e-07
1.17118222222e-07
1.18983822222e-07
1.20849422222e-07
1.17325511111e-07
1.21885866667e-07
1.25824355556e-07
1.28519111111e-07
1.28519111111e-07
1.33286755556e-07
1.36603377778e-07
1.42614755556e-07
1.44687644444e-07
1.44065777778e-07
1.50906311111e-07
1.50491733333e-07
1.52357333333e-07
1.57746844444e-07
1.61478044444e-07
1.623072e-07
1.62721777778e-07
1.62721777778e-07
1.62721777778e-07
1.67904e-07
1.63550933333e-07
1.64380088889e-07
1.63965511111e-07
1.63965511111e-07
1.641728e-07
1.65416533333e-07
1.65001955556e-07
1.70598755556e-07
1.73293511111e-07
1.70598755556e-07
1.72257066667e-07
1.72878933333e-07
1.89876622222e-07
2.08532622222e-07
2.09154488889e-07
2.09154488889e-07
2.09569066667e-07
2.09154488889e-07
2.12056533333e-07
2.15580444444e-07
2.15373155556e-07
2.20555377778e-07
2.21177244444e-07
2.17238755556e-07
2.22213688889e-07
2.23042844444e-07
2.26981333333e-07
2.27810488889e-07
2.23042844444e-07
2.22628266667e-07
2.22420977778e-07
2.34236444444e-07
2.40247822222e-07
2.42942577778e-07
2.43979022222e-07
2.43149866667e-07
2.46673777778e-07
2.51441422222e-07
2.58489244444e-07
2.59732977778e-07
2.61598577778e-07
2.65122488889e-07
2.742432e-07
2.742432e-07
2.81291022222e-07
2.83363911111e-07
2.85022222222e-07
2.85229511111e-07
2.86265955556e-07
2.94350222222e-07
3.00568888889e-07
3.01605333333e-07
2.99739733333e-07
3.01398044444e-07
3.01812622222e-07
2.97666844444e-07
3.12177066667e-07
3.21505066667e-07
3.21090488889e-07
3.22126933333e-07
3.24407111111e-07
3.24199822222e-07
3.28552888889e-07
3.283456e-07
3.28552888889e-07
3.28967466667e-07
3.28967466667e-07
3.37466311111e-07
3.376736e-07
3.376736e-07
3.37259022222e-07
3.37051733333e-07
3.37051733333e-07
3.414048e-07
3.52805688889e-07
3.53220266667e-07
3.53012977778e-07
3.53842133333e-07
3.59646222222e-07
3.59646222222e-07
4.14992355556e-07
3.63999288889e-07
3.63999288889e-07
3.65035733333e-07
3.68352355556e-07
3.68766933333e-07
3.72912711111e-07
3.71876266667e-07
3.96958222222e-07
3.96750933333e-07
4.01933155556e-07
4.02762311111e-07
4.80702933333e-07
4.85263288889e-07
4.85056e-07
4.87750755556e-07
5.05163022222e-07
5.08065066667e-07
5.08272355556e-07
5.08065066667e-07
5.09516088889e-07
5.149056e-07
5.149056e-07
5.13454577778e-07
5.16563911111e-07
5.16356622222e-07
5.18844088889e-07
5.260992e-07
5.27550222222e-07
5.32317866667e-07
5.32110577778e-07
5.27757511111e-07
5.279648e-07
5.28172088889e-07
5.31074133333e-07
5.38743822222e-07
5.44340622222e-07
5.52839466667e-07
5.52632177778e-07
5.52632177778e-07
5.52839466667e-07
5.55534222222e-07
5.76263111111e-07
5.75848533333e-07
5.839328e-07
5.83725511111e-07
7.00221866667e-07
7.53080533333e-07
7.704928e-07
7.723584e-07
7.74431288889e-07
7.74224e-07
8.48848e-07
8.48640711111e-07
8.48848e-07
8.48848e-07
8.67089422222e-07
8.73515377778e-07
8.83465244444e-07
8.22315022222e-07
8.22315022222e-07
8.31850311111e-07
8.40971022222e-07
8.40971022222e-07
8.41178311111e-07
8.44702222222e-07
8.44702222222e-07
8.51957333333e-07
8.61285333333e-07
8.70820622222e-07
8.70406044444e-07
8.77246577778e-07
8.78904888889e-07
8.80770488889e-07
8.805632e-07
8.97560888889e-07
8.94658844444e-07
8.94866133333e-07
8.98597333333e-07
8.98597333333e-07
8.98597333333e-07
8.98804622222e-07
8.98804622222e-07
8.98804622222e-07
9.01913955556e-07
9.02121244444e-07
9.01706666667e-07
8.98390044444e-07
8.98390044444e-07
9.13522133333e-07
9.13729422222e-07
9.253376e-07
9.33214577778e-07
9.33214577778e-07
9.41920711111e-07
9.51870577778e-07
9.79854577778e-07
9.79854577778e-07
9.81512888889e-07
9.81512888889e-07
9.81512888889e-07
9.81512888889e-07
9.81512888889e-07
9.84622222222e-07
9.81512888889e-07
9.81720177778e-07
9.85451377778e-07
1.00866773333e-06
1.0186176e-06
1.0186176e-06
1.0186176e-06
1.02276337778e-06
1.02732373333e-06
1.02856746667e-06
1.02856746667e-06
1.03768817778e-06
1.03768817778e-06
1.08329173333e-06
1.08080426667e-06
1.08059697778e-06
1.08059697778e-06
1.08059697778e-06
1.08059697778e-06
1.08080426667e-06
1.0876448e-06
1.08743751111e-06
1.08743751111e-06
1.09572906667e-06
1.10484977778e-06
1.10484977778e-06
1.11397048889e-06
1.1212256e-06
1.1305536e-06
1.12329848889e-06
1.12329848889e-06
1.12350577778e-06
1.1361504e-06
1.14879502222e-06
1.14879502222e-06
1.16620728889e-06
1.17636444444e-06
1.17615715556e-06
1.17615715556e-06
1.17615715556e-06
1.18361955556e-06
1.19108195556e-06
1.19108195556e-06
1.19108195556e-06
1.19937351111e-06
1.19937351111e-06
1.19937351111e-06
1.21284728889e-06
1.22134613333e-06
1.23025955556e-06
1.23025955556e-06
1.23025955556e-06
1.23171057778e-06
1.23171057778e-06
1.23171057778e-06
1.23171057778e-06
1.23171057778e-06
1.23419804444e-06
1.23440533333e-06
1.23440533333e-06
1.23440533333e-06
1.24331875556e-06
1.24331875556e-06
1.24331875556e-06
1.24331875556e-06
1.24331875556e-06
1.24331875556e-06
1.24331875556e-06
1.24352604444e-06
1.24352604444e-06
1.24373333333e-06
1.24331875556e-06
1.25098844444e-06
1.26197475556e-06
1.26342577778e-06
1.26197475556e-06
1.28415466667e-06
1.29368995556e-06
1.29368995556e-06
1.29348266667e-06
1.29348266667e-06
1.29348266667e-06
1.30135964444e-06
1.30135964444e-06
1.30135964444e-06
1.30135964444e-06
1.30135964444e-06
1.30944391111e-06
1.37577635556e-06
1.37577635556e-06
1.37598364444e-06
1.37598364444e-06
1.38717724444e-06
1.38717724444e-06
1.39691982222e-06
1.38717724444e-06
1.38717724444e-06
1.38717724444e-06
1.38717724444e-06
1.389872e-06
1.389872e-06
1.389872e-06
1.40417493333e-06
1.41744142222e-06
1.41744142222e-06
1.42739128889e-06
1.42739128889e-06
1.42739128889e-06
1.42759857778e-06
1.42739128889e-06
1.42739128889e-06
1.42739128889e-06
1.42759857778e-06
1.42739128889e-06
1.42739128889e-06
1.42925688889e-06
1.42759857778e-06
1.42739128889e-06
1.42739128889e-06
1.43713386667e-06
1.43713386667e-06
1.44190151111e-06
1.44190151111e-06
1.44190151111e-06
1.44190151111e-06
1.44542542222e-06
1.44542542222e-06
1.44542542222e-06
1.44542542222e-06
1.44542542222e-06
1.44542542222e-06
1.44542542222e-06
1.44542542222e-06
1.44542542222e-06
1.44542542222e-06
1.45558257778e-06
1.45558257778e-06
1.45558257778e-06
1.45558257778e-06
1.45558257778e-06
1.4756896e-06
1.4756896e-06
1.48066453333e-06
1.48066453333e-06
1.48066453333e-06
1.48066453333e-06
1.48439573333e-06
1.49476017778e-06
1.50491733333e-06
1.50491733333e-06
1.50491733333e-06
1.50491733333e-06
1.51528177778e-06
1.51528177778e-06
1.51528177778e-06
1.51528177778e-06
1.51528177778e-06
1.51528177778e-06
1.51528177778e-06
1.51528177778e-06
1.51528177778e-06
1.51528177778e-06
1.51528177778e-06
1.52564622222e-06
1.52564622222e-06
1.52564622222e-06
1.52564622222e-06
1.53621795556e-06
1.54782613333e-06
1.54782613333e-06
1.54782613333e-06
1.54803342222e-06
1.54803342222e-06
1.54803342222e-06
1.54803342222e-06
1.55984888889e-06
1.55984888889e-06
1.57021333333e-06
1.58057777778e-06
1.58057777778e-06
1.58057777778e-06
1.5913568e-06
1.60337955556e-06
1.60337955556e-06
1.60358684444e-06
1.6062816e-06
1.60648888889e-06
1.60648888889e-06
1.60648888889e-06
1.6062816e-06
1.6062816e-06
1.61022008889e-06
1.61042737778e-06
1.61022008889e-06
1.61022008889e-06
1.61042737778e-06
1.62265742222e-06
1.62245013333e-06
1.62245013333e-06
1.62245013333e-06
1.62245013333e-06
1.62245013333e-06
1.62555946667e-06
1.62245013333e-06
1.62245013333e-06
1.62245013333e-06
1.63302186667e-06
1.63302186667e-06
1.6454592e-06
1.6454592e-06
1.6454592e-06
1.64566648889e-06
1.64566648889e-06
1.64566648889e-06
1.64566648889e-06
1.64566648889e-06
1.6454592e-06
1.6454592e-06
1.6454592e-06
1.6454592e-06
1.6454592e-06
1.6454592e-06
1.6454592e-06
1.6454592e-06
1.6454592e-06
1.6454592e-06
1.6454592e-06
1.6454592e-06
1.6454592e-06
1.6454592e-06
1.65623822222e-06
1.65623822222e-06
1.66888284444e-06
1.66888284444e-06
1.66888284444e-06
1.66888284444e-06
1.66888284444e-06
1.66888284444e-06
1.66888284444e-06
1.66888284444e-06
1.66888284444e-06
1.66888284444e-06
1.66888284444e-06
1.66888284444e-06
1.66888284444e-06
1.66909013333e-06
1.66909013333e-06
1.66888284444e-06
1.66888284444e-06
1.66888284444e-06
1.67966186667e-06
1.67966186667e-06
1.68132017778e-06
1.67966186667e-06
1.67966186667e-06
1.67966186667e-06
1.67966186667e-06
1.67966186667e-06
1.67966186667e-06
1.67966186667e-06
1.67966186667e-06
1.67966186667e-06
1.67966186667e-06
1.67966186667e-06
1.67966186667e-06
1.67966186667e-06
1.67966186667e-06
1.67966186667e-06
1.67966186667e-06
1.67966186667e-06
1.67966186667e-06
1.67966186667e-06
1.67966186667e-06
1.67966186667e-06
1.67966186667e-06
1.67966186667e-06
1.67966186667e-06
1.67966186667e-06
1.67966186667e-06
1.67966186667e-06
1.67966186667e-06
1.67966186667e-06
1.67966186667e-06
1.67966186667e-06
1.67966186667e-06
1.67966186667e-06
1.67966186667e-06
1.67966186667e-06
1.67966186667e-06
1.67966186667e-06
1.67966186667e-06
1.67966186667e-06
1.67966186667e-06
1.67966186667e-06
1.67966186667e-06
1.69064817778e-06
1.69064817778e-06
1.69914702222e-06
1.69914702222e-06
1.69914702222e-06
1.69914702222e-06
1.69914702222e-06
1.69914702222e-06
1.69914702222e-06
1.71199893333e-06
1.71199893333e-06
1.71199893333e-06
1.71199893333e-06
1.71199893333e-06
1.71199893333e-06
1.71510826667e-06
1.71510826667e-06
1.71510826667e-06
1.71510826667e-06
1.71510826667e-06
1.71510826667e-06
1.71510826667e-06
1.72609457778e-06
1.72609457778e-06
1.72609457778e-06
1.72609457778e-06
1.72609457778e-06
1.72609457778e-06
1.72609457778e-06
1.72609457778e-06
1.72609457778e-06
1.72609457778e-06
1.72609457778e-06
1.72609457778e-06
1.72609457778e-06
1.72609457778e-06
1.72609457778e-06
1.72609457778e-06
1.72609457778e-06
1.72609457778e-06
1.72609457778e-06
1.73065493333e-06
1.73065493333e-06
1.73065493333e-06
1.73065493333e-06
1.73065493333e-06
1.73065493333e-06
1.73065493333e-06
1.73065493333e-06
1.74164124444e-06
1.74164124444e-06
1.74164124444e-06
1.74164124444e-06
1.74164124444e-06
1.74164124444e-06
1.74164124444e-06
1.74164124444e-06
1.75283484444e-06
1.75283484444e-06
1.75283484444e-06
1.75283484444e-06
1.75283484444e-06
1.75283484444e-06
1.75283484444e-06
1.75283484444e-06
1.75283484444e-06
1.75283484444e-06
1.75283484444e-06
1.75283484444e-06
1.75283484444e-06
1.75283484444e-06
1.75283484444e-06
1.75283484444e-06
1.75283484444e-06
1.75283484444e-06
1.75283484444e-06
1.75304213333e-06
1.75283484444e-06
1.75283484444e-06
1.75283484444e-06
1.75283484444e-06
1.75283484444e-06
1.75283484444e-06
1.75283484444e-06
1.75283484444e-06
1.75283484444e-06
1.75283484444e-06
1.75283484444e-06
1.75283484444e-06
1.75283484444e-06
1.75283484444e-06
1.75283484444e-06
1.75283484444e-06
1.75283484444e-06
1.75283484444e-06
1.75283484444e-06
1.75283484444e-06
1.75283484444e-06
1.75283484444e-06
1.75283484444e-06
1.75283484444e-06
1.75283484444e-06
1.75283484444e-06
1.75283484444e-06
1.75283484444e-06
1.75283484444e-06
1.75283484444e-06
1.75283484444e-06
1.75283484444e-06
1.75283484444e-06
1.75283484444e-06
1.75283484444e-06
1.75283484444e-06
1.75283484444e-06
1.75283484444e-06
1.75283484444e-06
1.75283484444e-06
1.75283484444e-06
1.75283484444e-06
1.75449315556e-06
1.75449315556e-06
1.76589404444e-06
1.76589404444e-06
1.76589404444e-06
1.77895324444e-06
1.77895324444e-06
1.77895324444e-06
1.77895324444e-06
1.77895324444e-06
1.77895324444e-06
1.77895324444e-06
1.77895324444e-06
1.77895324444e-06
1.77895324444e-06
1.77895324444e-06
1.77895324444e-06
1.77895324444e-06
1.77895324444e-06
1.77895324444e-06
1.77895324444e-06
1.77895324444e-06
1.77895324444e-06
1.77895324444e-06
1.77895324444e-06
1.77895324444e-06
1.77895324444e-06
1.78413546667e-06
1.78413546667e-06
1.78413546667e-06
1.78413546667e-06
1.78413546667e-06
1.78413546667e-06
1.78413546667e-06
1.78413546667e-06
1.78413546667e-06
1.78413546667e-06
1.90809422222e-06
1.90809422222e-06
1.90809422222e-06
1.90809422222e-06
1.90809422222e-06
1.90809422222e-06
1.90809422222e-06
1.90809422222e-06
1.90809422222e-06
1.90809422222e-06
1.90809422222e-06
1.90809422222e-06
1.90809422222e-06
1.90809422222e-06
1.90809422222e-06
1.90809422222e-06
1.90809422222e-06
1.90809422222e-06
1.90809422222e-06
1.90809422222e-06
1.90809422222e-06
1.90809422222e-06
1.90809422222e-06
1.90809422222e-06
1.90809422222e-06
1.90809422222e-06
1.90809422222e-06
1.90809422222e-06
1.90809422222e-06
1.90809422222e-06
1.90809422222e-06
1.90809422222e-06
1.90809422222e-06
1.90809422222e-06
1.90809422222e-06
1.90809422222e-06
1.90809422222e-06
1.90809422222e-06
1.90809422222e-06
1.90809422222e-06
1.90809422222e-06
1.90809422222e-06
1.90809422222e-06
1.90809422222e-06
1.90809422222e-06
1.90809422222e-06
1.90809422222e-06
1.90809422222e-06
1.90809422222e-06
1.90809422222e-06
1.90809422222e-06
1.90809422222e-06
1.90809422222e-06
1.90809422222e-06
1.90809422222e-06
1.90809422222e-06
1.90809422222e-06
1.90809422222e-06
1.90809422222e-06
1.90809422222e-06
1.90809422222e-06
1.90809422222e-06
1.92985955556e-06
1.92985955556e-06
1.92985955556e-06
1.92985955556e-06
1.92985955556e-06
1.92985955556e-06
1.92985955556e-06
1.92985955556e-06
1.92985955556e-06
1.92985955556e-06
1.92985955556e-06
1.92985955556e-06
1.92985955556e-06
1.92985955556e-06
1.92985955556e-06
1.92985955556e-06
1.92985955556e-06
1.92985955556e-06
1.92985955556e-06
1.92985955556e-06
1.92985955556e-06
1.92985955556e-06
1.92985955556e-06
1.92985955556e-06
1.92985955556e-06
1.92985955556e-06
1.92985955556e-06
1.92985955556e-06
1.92985955556e-06
1.92985955556e-06
1.92985955556e-06
1.92985955556e-06
1.92985955556e-06
1.92985955556e-06
1.92985955556e-06
1.92985955556e-06
1.92985955556e-06
1.92985955556e-06
1.92985955556e-06
1.92985955556e-06
1.92985955556e-06
1.92985955556e-06
1.92985955556e-06
1.92985955556e-06
1.92985955556e-06
1.92985955556e-06
1.92985955556e-06
1.93317617778e-06
1.93317617778e-06
1.93317617778e-06
1.93317617778e-06
1.93317617778e-06
1.93317617778e-06
1.94436977778e-06
1.94436977778e-06
1.94436977778e-06
1.94436977778e-06
1.94436977778e-06
1.94436977778e-06
1.94436977778e-06
1.94436977778e-06
1.94436977778e-06
1.94436977778e-06
1.94436977778e-06
1.94436977778e-06
1.94436977778e-06
1.94436977778e-06
1.94436977778e-06
1.94436977778e-06
1.94436977778e-06
1.94436977778e-06
1.94436977778e-06
1.94436977778e-06
1.94436977778e-06
1.94436977778e-06
1.94436977778e-06
1.94436977778e-06
1.94436977778e-06
1.94436977778e-06
1.94436977778e-06
1.94436977778e-06
1.94436977778e-06
1.94436977778e-06
1.94436977778e-06
1.94436977778e-06
1.94436977778e-06
1.94436977778e-06
1.94436977778e-06
1.94436977778e-06
1.94436977778e-06
1.95556337778e-06
1.95556337778e-06
1.95556337778e-06
1.95556337778e-06
1.95556337778e-06
1.95556337778e-06
1.95556337778e-06
1.95556337778e-06
1.95556337778e-06
1.95556337778e-06
1.95556337778e-06
1.95556337778e-06
1.95556337778e-06
1.95556337778e-06
1.95556337778e-06
1.95556337778e-06
1.95556337778e-06
1.95556337778e-06
1.95556337778e-06
1.95556337778e-06
1.95556337778e-06
1.95556337778e-06
1.95556337778e-06
1.95556337778e-06
1.95556337778e-06
1.95556337778e-06
1.95556337778e-06
1.95556337778e-06
1.95556337778e-06
1.95556337778e-06
1.95556337778e-06
1.95556337778e-06
1.95556337778e-06
1.95556337778e-06
1.95556337778e-06
1.95556337778e-06
1.95556337778e-06
1.95742897778e-06
1.95742897778e-06
1.95742897778e-06
1.95742897778e-06
1.95742897778e-06
1.95742897778e-06
1.95742897778e-06
1.95742897778e-06
1.95742897778e-06
1.95742897778e-06
1.95742897778e-06
1.95742897778e-06
1.95742897778e-06
1.95742897778e-06
1.95742897778e-06
1.95742897778e-06
1.95742897778e-06
1.95742897778e-06
1.95742897778e-06
1.95742897778e-06
1.95742897778e-06
1.95742897778e-06
1.95742897778e-06
1.95742897778e-06
1.95742897778e-06
1.95742897778e-06
1.95742897778e-06
1.95742897778e-06
1.95742897778e-06
1.95742897778e-06
1.95742897778e-06
1.95742897778e-06
1.95742897778e-06
1.95742897778e-06
1.95742897778e-06
1.95742897778e-06
1.95742897778e-06
1.95742897778e-06
1.95742897778e-06
1.95742897778e-06
1.95742897778e-06
1.95742897778e-06
1.95742897778e-06
1.95742897778e-06
1.95742897778e-06
1.95742897778e-06
1.96800071111e-06
1.96800071111e-06
1.96800071111e-06
1.96800071111e-06
1.96800071111e-06
1.96800071111e-06
1.96800071111e-06
1.96800071111e-06
1.96800071111e-06
1.96800071111e-06
1.96800071111e-06
1.96800071111e-06
1.96800071111e-06
1.96800071111e-06
1.96800071111e-06
1.96800071111e-06
1.96800071111e-06
1.96800071111e-06
1.96800071111e-06
1.96800071111e-06
1.96800071111e-06
1.96800071111e-06
1.96800071111e-06
1.96800071111e-06
1.96800071111e-06
1.96800071111e-06
1.96800071111e-06
1.96800071111e-06
1.96800071111e-06
1.96800071111e-06
1.96800071111e-06
1.96800071111e-06
1.96800071111e-06
1.96800071111e-06
1.96800071111e-06
1.96800071111e-06
1.96800071111e-06
1.96800071111e-06
1.96800071111e-06
1.96800071111e-06
1.96800071111e-06
1.96800071111e-06
1.96800071111e-06
1.96800071111e-06
1.96800071111e-06
1.96800071111e-06
1.96800071111e-06
1.96800071111e-06
1.96800071111e-06
1.96800071111e-06
1.96800071111e-06
1.96800071111e-06
1.96800071111e-06
1.96800071111e-06
1.96800071111e-06
1.96800071111e-06
1.96800071111e-06
1.96800071111e-06
1.96800071111e-06
1.96800071111e-06
1.96800071111e-06
1.96800071111e-06
1.96800071111e-06
1.96800071111e-06
1.96800071111e-06
1.96800071111e-06
1.96800071111e-06
1.96800071111e-06
1.96800071111e-06
1.96800071111e-06
1.96800071111e-06
1.96800071111e-06
1.96800071111e-06
1.96800071111e-06
1.96800071111e-06
1.96800071111e-06
1.96800071111e-06
1.96800071111e-06
1.96800071111e-06
1.96800071111e-06
1.96800071111e-06
1.96800071111e-06
1.96800071111e-06
1.96800071111e-06
1.96800071111e-06
1.96800071111e-06
1.96800071111e-06
1.96800071111e-06
1.96800071111e-06
1.96800071111e-06
1.96800071111e-06
1.96800071111e-06
1.96800071111e-06
1.96800071111e-06
1.96800071111e-06
1.96800071111e-06
1.96800071111e-06
1.96800071111e-06
1.96800071111e-06
1.96800071111e-06
1.96800071111e-06
1.96800071111e-06
1.96800071111e-06
1.96800071111e-06
1.96800071111e-06
1.96800071111e-06
1.96800071111e-06
1.96800071111e-06
1.96800071111e-06
1.96800071111e-06
1.96800071111e-06
1.96800071111e-06
1.96800071111e-06
1.96800071111e-06
1.96800071111e-06
1.96800071111e-06
1.96800071111e-06
1.96800071111e-06
1.96800071111e-06
1.96800071111e-06
1.96800071111e-06
1.96800071111e-06
1.96800071111e-06
1.96800071111e-06
1.96800071111e-06
1.96800071111e-06
1.96800071111e-06
1.96800071111e-06
1.96800071111e-06
1.96800071111e-06
1.96800071111e-06
1.96800071111e-06
1.96800071111e-06
1.96800071111e-06
1.96800071111e-06
1.96800071111e-06
1.96800071111e-06
1.96800071111e-06
1.96800071111e-06
1.96800071111e-06
1.96800071111e-06
1.96800071111e-06
1.96800071111e-06
1.96800071111e-06
1.96800071111e-06
1.96800071111e-06
1.96800071111e-06
1.96800071111e-06
1.96800071111e-06
1.96800071111e-06
1.96800071111e-06
1.96800071111e-06
1.96800071111e-06
1.96800071111e-06
1.96800071111e-06
1.96800071111e-06
1.96800071111e-06
1.96800071111e-06
1.96800071111e-06
1.96800071111e-06
1.96800071111e-06
1.96800071111e-06
1.96800071111e-06
1.96800071111e-06
1.96800071111e-06
1.96800071111e-06
1.96800071111e-06
1.96800071111e-06
1.96800071111e-06
1.96800071111e-06
1.96800071111e-06
1.96800071111e-06
1.96800071111e-06
1.96800071111e-06
1.96800071111e-06
1.96800071111e-06
1.96800071111e-06
1.96800071111e-06
1.96800071111e-06
1.96800071111e-06
1.96800071111e-06
1.96800071111e-06
1.96800071111e-06
1.96800071111e-06
1.96800071111e-06
1.96800071111e-06
1.96800071111e-06
1.96800071111e-06
1.96800071111e-06
1.96800071111e-06
1.96800071111e-06
1.96800071111e-06
1.96800071111e-06
1.96800071111e-06
1.96800071111e-06
1.96800071111e-06
1.96800071111e-06
1.96800071111e-06
1.96800071111e-06
1.96800071111e-06
1.96800071111e-06
1.96800071111e-06
1.96800071111e-06
1.96800071111e-06
1.96800071111e-06
1.96800071111e-06
1.96800071111e-06
1.96800071111e-06
1.96800071111e-06
1.96800071111e-06
1.96800071111e-06
1.96800071111e-06
1.96800071111e-06
1.96800071111e-06
1.96800071111e-06
1.96800071111e-06
1.96800071111e-06
1.96800071111e-06
1.96800071111e-06
1.96800071111e-06
1.96800071111e-06
1.96800071111e-06
1.96800071111e-06
1.96800071111e-06
1.96800071111e-06
1.96800071111e-06
1.96800071111e-06
1.96800071111e-06
1.96800071111e-06
1.96800071111e-06
1.96800071111e-06
1.96800071111e-06
1.96800071111e-06
1.96800071111e-06
1.96800071111e-06
1.96800071111e-06
1.96800071111e-06
1.96800071111e-06
1.96800071111e-06
1.96800071111e-06
1.96800071111e-06
1.96800071111e-06
1.96800071111e-06
1.96800071111e-06
1.96800071111e-06
1.96800071111e-06
1.96800071111e-06
1.96800071111e-06
1.96800071111e-06
1.96800071111e-06
1.96800071111e-06
1.96800071111e-06
1.96800071111e-06
1.96800071111e-06
1.96800071111e-06
1.96800071111e-06
1.96800071111e-06
1.96800071111e-06
1.96800071111e-06
1.96800071111e-06
1.96800071111e-06
1.96800071111e-06
1.96800071111e-06
1.96800071111e-06
1.96800071111e-06
1.96800071111e-06
1.96800071111e-06
1.96800071111e-06
1.96800071111e-06
1.96800071111e-06
1.96800071111e-06
1.96800071111e-06
1.96800071111e-06
1.96800071111e-06
1.96800071111e-06
1.96800071111e-06
1.96800071111e-06
1.96800071111e-06
1.96800071111e-06
1.96800071111e-06
1.96800071111e-06
1.96800071111e-06
1.96800071111e-06
1.96800071111e-06
1.96800071111e-06
1.96800071111e-06
1.96800071111e-06
1.96800071111e-06
1.96800071111e-06
1.96800071111e-06
1.96800071111e-06
1.96800071111e-06
1.96800071111e-06
1.96800071111e-06
1.96800071111e-06
1.96800071111e-06
1.96800071111e-06
1.96800071111e-06
1.96800071111e-06
1.96800071111e-06
1.96800071111e-06
1.96800071111e-06
1.96800071111e-06
1.96800071111e-06
1.96800071111e-06
1.96800071111e-06
1.96800071111e-06
1.96800071111e-06
1.96800071111e-06
1.96800071111e-06
1.96800071111e-06
1.96800071111e-06
1.96800071111e-06
1.96800071111e-06
1.96800071111e-06
1.96800071111e-06
1.96800071111e-06
1.96800071111e-06
1.96800071111e-06
1.96800071111e-06
1.96800071111e-06
1.96800071111e-06
1.96800071111e-06
1.96800071111e-06
1.96800071111e-06
1.96800071111e-06
1.96800071111e-06
1.96800071111e-06
1.96800071111e-06
1.96800071111e-06
1.96800071111e-06
1.96800071111e-06
1.96800071111e-06
1.96800071111e-06
1.96800071111e-06
1.96800071111e-06
1.96800071111e-06
1.96800071111e-06
1.96800071111e-06
1.96800071111e-06
1.96800071111e-06
1.96800071111e-06
1.96800071111e-06
1.96800071111e-06
1.96800071111e-06
1.96800071111e-06
1.96800071111e-06
1.96800071111e-06
1.96800071111e-06
1.96800071111e-06
1.96800071111e-06
1.96800071111e-06
1.96800071111e-06
1.96800071111e-06
1.96800071111e-06
1.96800071111e-06
1.96800071111e-06
1.96800071111e-06
1.96800071111e-06
1.96800071111e-06
1.96800071111e-06
1.96800071111e-06
1.96800071111e-06
1.96800071111e-06
1.96800071111e-06
1.96800071111e-06
1.96800071111e-06
1.96800071111e-06
1.96800071111e-06
1.96800071111e-06
1.96800071111e-06
1.96800071111e-06
1.96800071111e-06
1.96800071111e-06
1.96800071111e-06
1.96800071111e-06
1.96800071111e-06
1.96800071111e-06
1.96800071111e-06
1.96800071111e-06
1.96800071111e-06
1.96800071111e-06
1.96800071111e-06
1.96800071111e-06
1.96800071111e-06
1.96800071111e-06
1.96800071111e-06
1.96800071111e-06
1.96800071111e-06
1.96800071111e-06
1.96800071111e-06
1.96800071111e-06
1.96800071111e-06
1.96800071111e-06
1.96800071111e-06
1.96800071111e-06
1.96800071111e-06
1.96800071111e-06
1.96800071111e-06
1.96800071111e-06
1.96800071111e-06
1.96800071111e-06
1.96800071111e-06
1.96800071111e-06
1.96800071111e-06
1.96800071111e-06
1.96800071111e-06
1.96800071111e-06
1.96800071111e-06
1.96800071111e-06
1.96800071111e-06
1.96800071111e-06
1.96800071111e-06
1.96800071111e-06
1.96800071111e-06
1.96800071111e-06
1.96800071111e-06
1.96800071111e-06
1.96800071111e-06
1.96800071111e-06
1.96800071111e-06
1.96800071111e-06
1.96800071111e-06
1.96800071111e-06
1.96800071111e-06
1.96800071111e-06
1.96800071111e-06
1.96800071111e-06
1.96800071111e-06
1.96800071111e-06
1.96800071111e-06
1.96800071111e-06
1.96800071111e-06
1.96800071111e-06
1.96800071111e-06
1.96800071111e-06
1.96800071111e-06
1.96800071111e-06
1.96800071111e-06
1.96800071111e-06
1.96800071111e-06
1.96800071111e-06
1.96800071111e-06
1.96800071111e-06
1.96800071111e-06
1.96800071111e-06
1.96800071111e-06
1.96800071111e-06
1.96800071111e-06
1.96800071111e-06
1.96800071111e-06
1.96800071111e-06
1.96800071111e-06
1.96800071111e-06
1.96800071111e-06
1.96800071111e-06
1.96800071111e-06
1.96800071111e-06
1.96800071111e-06
1.96800071111e-06
1.96800071111e-06
1.96800071111e-06
1.96800071111e-06
1.96800071111e-06
1.96800071111e-06
1.96800071111e-06
1.96800071111e-06
1.96800071111e-06
1.96800071111e-06
1.96800071111e-06
1.96800071111e-06
1.96800071111e-06
1.96800071111e-06
1.96800071111e-06
1.96800071111e-06
1.96800071111e-06
1.96800071111e-06
1.96800071111e-06
1.96800071111e-06
1.96800071111e-06
1.96800071111e-06
1.96800071111e-06
1.96800071111e-06
1.96800071111e-06
1.96800071111e-06
1.96800071111e-06
1.96800071111e-06
1.96800071111e-06
1.96800071111e-06
1.96800071111e-06
1.96800071111e-06
1.96800071111e-06
1.96800071111e-06
1.96800071111e-06
1.96800071111e-06
1.96800071111e-06
1.96800071111e-06
1.96800071111e-06
1.96800071111e-06
1.96800071111e-06
1.96800071111e-06
1.96800071111e-06
1.96800071111e-06
1.96800071111e-06
1.96800071111e-06
1.96800071111e-06
1.96800071111e-06
1.96800071111e-06
1.96800071111e-06
1.96800071111e-06
1.96800071111e-06
1.96800071111e-06
1.96800071111e-06
1.96800071111e-06
1.96800071111e-06
1.96800071111e-06
1.96800071111e-06
1.96800071111e-06
1.96800071111e-06
1.96800071111e-06
1.96800071111e-06
1.96800071111e-06
1.96800071111e-06
1.96800071111e-06
1.96800071111e-06
1.96800071111e-06
1.96800071111e-06
1.96800071111e-06
1.96800071111e-06
1.96800071111e-06
1.96800071111e-06
1.96800071111e-06
1.96800071111e-06
1.96800071111e-06
1.96800071111e-06
1.96800071111e-06
1.96800071111e-06
1.96800071111e-06
1.96800071111e-06
1.96800071111e-06
1.96800071111e-06
1.96800071111e-06
1.96800071111e-06
1.96800071111e-06
1.96800071111e-06
1.96800071111e-06
1.96800071111e-06
1.96800071111e-06
1.96800071111e-06
1.96800071111e-06
1.96800071111e-06
1.96800071111e-06
1.96800071111e-06
1.96800071111e-06
1.96800071111e-06
1.96800071111e-06
1.96800071111e-06
1.96800071111e-06
1.96800071111e-06
1.96800071111e-06
1.96800071111e-06
1.96800071111e-06
1.96800071111e-06
1.96800071111e-06
1.96800071111e-06
1.96800071111e-06
1.96800071111e-06
1.96800071111e-06
1.96800071111e-06
1.96800071111e-06
1.96800071111e-06
1.96800071111e-06
1.96800071111e-06
1.96800071111e-06
1.96800071111e-06
1.96800071111e-06
1.96800071111e-06
1.96800071111e-06
1.96800071111e-06
1.96800071111e-06
1.96800071111e-06
1.96800071111e-06
1.96800071111e-06
1.96800071111e-06
1.96800071111e-06
1.96800071111e-06
1.96800071111e-06
1.96800071111e-06
1.96800071111e-06
1.96800071111e-06
1.96800071111e-06
1.96800071111e-06
1.96800071111e-06
1.96800071111e-06
1.96800071111e-06
1.96800071111e-06
1.96800071111e-06
1.96800071111e-06
1.96800071111e-06
1.96800071111e-06
1.96800071111e-06
1.96800071111e-06
1.96800071111e-06
1.96800071111e-06
1.96800071111e-06
1.96800071111e-06
1.96800071111e-06
1.96800071111e-06
1.96800071111e-06
1.96800071111e-06
1.96800071111e-06
1.96800071111e-06
1.96800071111e-06
1.96800071111e-06
1.96800071111e-06
1.96800071111e-06
1.96800071111e-06
1.96800071111e-06
1.96800071111e-06
1.96800071111e-06
1.96800071111e-06
1.96800071111e-06
1.96800071111e-06
1.96800071111e-06
1.96800071111e-06
1.96800071111e-06
1.96800071111e-06
1.96800071111e-06
1.96800071111e-06
1.96800071111e-06
1.96800071111e-06
1.96800071111e-06
1.96800071111e-06
1.96800071111e-06
1.96800071111e-06
1.96800071111e-06
1.96800071111e-06
1.96800071111e-06
1.96800071111e-06
1.96800071111e-06
1.96800071111e-06
1.96800071111e-06
1.96800071111e-06
1.96800071111e-06
1.96800071111e-06
1.96800071111e-06
1.96800071111e-06
1.96800071111e-06
1.96800071111e-06
1.96800071111e-06
1.96800071111e-06
1.96800071111e-06
1.96800071111e-06
1.96800071111e-06
1.96800071111e-06
1.96800071111e-06
1.96800071111e-06
1.96800071111e-06
1.96800071111e-06
1.96800071111e-06
1.96800071111e-06
1.96800071111e-06
1.96800071111e-06
1.96800071111e-06
1.96800071111e-06
1.96800071111e-06
1.96800071111e-06
1.96800071111e-06
1.96800071111e-06
1.96800071111e-06
1.96800071111e-06
1.96800071111e-06
1.96800071111e-06
1.96800071111e-06
1.96800071111e-06
1.96800071111e-06
1.96800071111e-06
1.96800071111e-06
1.96800071111e-06
1.96800071111e-06
1.96800071111e-06
1.96800071111e-06
1.96800071111e-06
1.96800071111e-06
1.96800071111e-06
1.96800071111e-06
1.96800071111e-06
1.96800071111e-06
1.96800071111e-06
1.96800071111e-06
1.96800071111e-06
1.96800071111e-06
1.96800071111e-06
1.96800071111e-06
1.96800071111e-06
1.96800071111e-06
1.96800071111e-06
1.96800071111e-06
1.96800071111e-06
1.96800071111e-06
1.96800071111e-06
1.96800071111e-06
1.96800071111e-06
1.96800071111e-06
1.96800071111e-06
1.96800071111e-06
1.96800071111e-06
1.96800071111e-06
1.96800071111e-06
1.96800071111e-06
1.96800071111e-06
1.96800071111e-06
1.96800071111e-06
1.96800071111e-06
1.96800071111e-06
1.96800071111e-06
1.96800071111e-06
1.96800071111e-06
1.96800071111e-06
1.96800071111e-06
1.96800071111e-06
1.96800071111e-06
1.96800071111e-06
1.96800071111e-06
1.96800071111e-06
1.96800071111e-06
1.96800071111e-06
1.96800071111e-06
1.96800071111e-06
1.96800071111e-06
1.96800071111e-06
1.96800071111e-06
1.96800071111e-06
1.96800071111e-06
1.96800071111e-06
1.96800071111e-06
1.96800071111e-06
1.96800071111e-06
1.96800071111e-06
1.96800071111e-06
1.96800071111e-06
1.96800071111e-06
1.96800071111e-06
1.96800071111e-06
1.96800071111e-06
1.96800071111e-06
1.96800071111e-06
1.96800071111e-06
1.96800071111e-06
1.96800071111e-06
1.96800071111e-06
1.96800071111e-06
1.96800071111e-06
1.96800071111e-06
1.96800071111e-06
1.96800071111e-06
1.96800071111e-06
1.96800071111e-06
1.96800071111e-06
1.96800071111e-06
1.96800071111e-06
1.96800071111e-06
1.96800071111e-06
1.96800071111e-06
1.96800071111e-06
1.96800071111e-06
1.96800071111e-06
1.96800071111e-06
1.96800071111e-06
1.96800071111e-06
1.96800071111e-06
1.96800071111e-06
1.96800071111e-06
1.96800071111e-06
1.96800071111e-06
1.96800071111e-06
1.96800071111e-06
1.96800071111e-06
1.96800071111e-06
1.96800071111e-06
1.96800071111e-06
1.96800071111e-06
1.96800071111e-06
1.96800071111e-06
1.96800071111e-06
1.96800071111e-06
1.96800071111e-06
1.96800071111e-06
1.96800071111e-06
1.96800071111e-06
1.96800071111e-06
1.96800071111e-06
1.96800071111e-06
1.96800071111e-06
1.96800071111e-06
1.96800071111e-06
1.96800071111e-06
1.96800071111e-06
1.96800071111e-06
1.96800071111e-06
1.96800071111e-06
1.96800071111e-06
1.96800071111e-06
1.96800071111e-06
1.96800071111e-06
1.96800071111e-06
1.96800071111e-06
1.96800071111e-06
1.96800071111e-06
1.96800071111e-06
1.96800071111e-06
1.96800071111e-06
1.96800071111e-06
1.96800071111e-06
1.96800071111e-06
1.96800071111e-06
1.96800071111e-06
1.96800071111e-06
1.96800071111e-06
1.96800071111e-06
1.96800071111e-06
1.96800071111e-06
1.96800071111e-06
1.96800071111e-06
1.96800071111e-06
1.96800071111e-06
1.96800071111e-06
1.96800071111e-06
1.96800071111e-06
1.96800071111e-06
1.96800071111e-06
1.96800071111e-06
1.96800071111e-06
1.96800071111e-06
1.96800071111e-06
1.96800071111e-06
1.96800071111e-06
1.96800071111e-06
1.96800071111e-06
1.96800071111e-06
1.96800071111e-06
1.96800071111e-06
1.96800071111e-06
1.96800071111e-06
1.96800071111e-06
1.96800071111e-06
1.96800071111e-06
1.96800071111e-06
1.96800071111e-06
1.96800071111e-06
1.96800071111e-06
1.96800071111e-06
1.96800071111e-06
1.96800071111e-06
1.96800071111e-06
1.96800071111e-06
1.96800071111e-06
1.96800071111e-06
1.96800071111e-06
1.96800071111e-06
1.96800071111e-06
1.96800071111e-06
1.96800071111e-06
1.96800071111e-06
1.96800071111e-06
1.96800071111e-06
1.96800071111e-06
1.96800071111e-06
1.96800071111e-06
1.96800071111e-06
1.96800071111e-06
1.96800071111e-06
1.96800071111e-06
1.96800071111e-06
1.96800071111e-06
1.96800071111e-06
1.96800071111e-06
1.96800071111e-06
1.96800071111e-06
1.96800071111e-06
1.96800071111e-06
1.96800071111e-06
1.96800071111e-06
1.96800071111e-06
1.96800071111e-06
1.96800071111e-06
1.96800071111e-06
1.96800071111e-06
1.96800071111e-06
1.96800071111e-06
1.96800071111e-06
1.96800071111e-06
1.96800071111e-06
1.96800071111e-06
1.96800071111e-06
1.96800071111e-06
1.96800071111e-06
1.96800071111e-06
1.96800071111e-06
1.96800071111e-06
1.96800071111e-06
1.96800071111e-06
1.96800071111e-06
1.96800071111e-06
1.96800071111e-06
1.96800071111e-06
1.96800071111e-06
1.96800071111e-06
1.96800071111e-06
1.96800071111e-06
1.96800071111e-06
1.96800071111e-06
1.96800071111e-06
1.96800071111e-06
1.96800071111e-06
1.96800071111e-06
1.96800071111e-06
1.96800071111e-06
1.96800071111e-06
1.96800071111e-06
1.96800071111e-06
1.96800071111e-06
1.96800071111e-06
1.96800071111e-06
1.96800071111e-06
1.96800071111e-06
1.96800071111e-06
1.96800071111e-06
1.96800071111e-06
1.96800071111e-06
1.96800071111e-06
1.96800071111e-06
1.96800071111e-06
1.96800071111e-06
1.96800071111e-06
1.96800071111e-06
1.96800071111e-06
1.96800071111e-06
1.96800071111e-06
1.96800071111e-06
1.96800071111e-06
1.96800071111e-06
1.96800071111e-06
1.96800071111e-06
1.96800071111e-06
1.96800071111e-06
1.96800071111e-06
1.96800071111e-06
1.96800071111e-06
1.96800071111e-06
1.96800071111e-06
1.96800071111e-06
1.96800071111e-06
1.96800071111e-06
1.96800071111e-06
1.96800071111e-06
1.96800071111e-06
1.96800071111e-06
1.96800071111e-06
1.96800071111e-06
1.96800071111e-06
1.96800071111e-06
1.96800071111e-06
1.96800071111e-06
1.96800071111e-06
1.96800071111e-06
1.96800071111e-06
1.96800071111e-06
1.96800071111e-06
1.96800071111e-06
1.96800071111e-06
1.96800071111e-06
1.96800071111e-06
1.96800071111e-06
1.96800071111e-06
1.96800071111e-06
1.96800071111e-06
1.96800071111e-06
1.96800071111e-06
1.96800071111e-06
1.96800071111e-06
1.96800071111e-06
1.96800071111e-06
1.96800071111e-06
1.96800071111e-06
1.96800071111e-06
1.96800071111e-06
1.96800071111e-06
1.96800071111e-06
1.96800071111e-06
1.96800071111e-06
1.96800071111e-06
1.96800071111e-06
1.96800071111e-06
1.96800071111e-06
1.96800071111e-06
1.96800071111e-06
1.96800071111e-06
1.96800071111e-06
1.96800071111e-06
1.96800071111e-06
1.96800071111e-06
1.96800071111e-06
1.96800071111e-06
1.96800071111e-06
1.96800071111e-06
1.96800071111e-06
1.96800071111e-06
1.96800071111e-06
1.96800071111e-06
1.96800071111e-06
1.96800071111e-06
1.96800071111e-06
1.96800071111e-06
1.96800071111e-06
1.96800071111e-06
1.96800071111e-06
1.96800071111e-06
1.96800071111e-06
1.96800071111e-06
1.96800071111e-06
1.96800071111e-06
1.96800071111e-06
1.96800071111e-06
1.96800071111e-06
1.96800071111e-06
1.96800071111e-06
1.96800071111e-06
1.96800071111e-06
1.96800071111e-06
1.96800071111e-06
1.96800071111e-06
1.96800071111e-06
1.96800071111e-06
1.96800071111e-06
1.96800071111e-06
1.96800071111e-06
1.96800071111e-06
1.96800071111e-06
1.96800071111e-06
1.96800071111e-06
1.96800071111e-06
1.96800071111e-06
1.96800071111e-06
1.96800071111e-06
1.96800071111e-06
1.96800071111e-06
1.96800071111e-06
1.96800071111e-06
1.96800071111e-06
1.96800071111e-06
1.96800071111e-06
1.96800071111e-06
1.96800071111e-06
1.96800071111e-06
1.96800071111e-06
1.96800071111e-06
1.96800071111e-06
1.96800071111e-06
1.96800071111e-06
1.96800071111e-06
1.96800071111e-06
1.96800071111e-06
1.96800071111e-06
1.96800071111e-06
1.96800071111e-06
1.96800071111e-06
1.96800071111e-06
1.96800071111e-06
1.96800071111e-06
1.96800071111e-06
1.96800071111e-06
1.96800071111e-06
1.96800071111e-06
1.96800071111e-06
1.96800071111e-06
1.96800071111e-06
1.96800071111e-06
1.96800071111e-06
1.96800071111e-06
1.96800071111e-06
1.96800071111e-06
1.96800071111e-06
1.96800071111e-06
1.96800071111e-06
1.96800071111e-06
1.96800071111e-06
1.96800071111e-06
1.96800071111e-06
1.96800071111e-06
1.96800071111e-06
1.96800071111e-06
1.96800071111e-06
1.96800071111e-06
1.96800071111e-06
1.96800071111e-06
1.96800071111e-06
1.96800071111e-06
1.96800071111e-06
1.96800071111e-06
1.96800071111e-06
1.96800071111e-06
1.96800071111e-06
1.96800071111e-06
1.96800071111e-06
1.96800071111e-06
1.96800071111e-06
1.96800071111e-06
1.96800071111e-06
1.96800071111e-06
1.96800071111e-06
1.96800071111e-06
1.96800071111e-06
1.96800071111e-06
1.96800071111e-06
1.96800071111e-06
1.96800071111e-06
1.96800071111e-06
1.96800071111e-06
1.96800071111e-06
1.96800071111e-06
1.96800071111e-06
1.96800071111e-06
1.96800071111e-06
1.96800071111e-06
1.96800071111e-06
1.96800071111e-06
1.96800071111e-06
1.96800071111e-06
1.96800071111e-06
1.96800071111e-06
1.96800071111e-06
1.96800071111e-06
1.96800071111e-06
1.96800071111e-06
1.96800071111e-06
1.96800071111e-06
1.96800071111e-06
1.96800071111e-06
1.96800071111e-06
1.96800071111e-06
1.96800071111e-06
1.96800071111e-06
1.96800071111e-06
1.96800071111e-06
1.96800071111e-06
1.96800071111e-06
1.96800071111e-06
1.96800071111e-06
1.96800071111e-06
1.96800071111e-06
1.96800071111e-06
1.96800071111e-06
1.96800071111e-06
1.96800071111e-06
1.96800071111e-06
1.96800071111e-06
1.96800071111e-06
1.96800071111e-06
1.96800071111e-06
1.96800071111e-06
1.96800071111e-06
1.96800071111e-06
1.96800071111e-06
1.96800071111e-06
1.96800071111e-06
1.96800071111e-06
1.96800071111e-06
1.96800071111e-06
1.96800071111e-06
1.96800071111e-06
1.96800071111e-06
1.96800071111e-06
1.96800071111e-06
1.96800071111e-06
1.96800071111e-06
1.96800071111e-06
1.96800071111e-06
1.96800071111e-06
1.96800071111e-06
1.96800071111e-06
1.96800071111e-06
1.96800071111e-06
1.96800071111e-06
1.96800071111e-06
1.96800071111e-06
1.96800071111e-06
1.96800071111e-06
1.96800071111e-06
1.96800071111e-06
1.96800071111e-06
1.96800071111e-06
1.96800071111e-06
1.96800071111e-06
1.96800071111e-06
1.96800071111e-06
1.96800071111e-06
1.96800071111e-06
1.96800071111e-06
1.96800071111e-06
1.96800071111e-06
1.96800071111e-06
1.96800071111e-06
1.96800071111e-06
1.96800071111e-06
1.96800071111e-06
1.96800071111e-06
1.96800071111e-06
1.96800071111e-06
1.96800071111e-06
1.96800071111e-06
1.96800071111e-06
1.96800071111e-06
1.96800071111e-06
1.96800071111e-06
1.96800071111e-06
1.96800071111e-06
1.96800071111e-06
1.96800071111e-06
1.96800071111e-06
1.96800071111e-06
1.96800071111e-06
1.96800071111e-06
1.96800071111e-06
1.96800071111e-06
1.96800071111e-06
1.96800071111e-06
1.96800071111e-06
1.96800071111e-06
1.96800071111e-06
1.96800071111e-06
1.96800071111e-06
1.96800071111e-06
1.96800071111e-06
1.96800071111e-06
1.96800071111e-06
1.96800071111e-06
1.96800071111e-06
1.96800071111e-06
1.96800071111e-06
1.96800071111e-06
1.96800071111e-06
1.96800071111e-06
1.96800071111e-06
1.96800071111e-06
1.96800071111e-06
1.96800071111e-06
1.96800071111e-06
1.96800071111e-06
1.96800071111e-06
1.96800071111e-06
1.96800071111e-06
1.96800071111e-06
1.96800071111e-06
1.96800071111e-06
1.96800071111e-06
1.96800071111e-06
1.96800071111e-06
1.96800071111e-06
1.96800071111e-06
1.96800071111e-06
1.96800071111e-06
1.96800071111e-06
1.96800071111e-06
1.96800071111e-06
1.96800071111e-06
1.96800071111e-06
1.96800071111e-06
1.96800071111e-06
1.96800071111e-06
1.96800071111e-06
1.96800071111e-06
1.96800071111e-06
1.96800071111e-06
1.96800071111e-06
1.96800071111e-06
1.96800071111e-06
1.96800071111e-06
1.96800071111e-06
1.96800071111e-06
1.96800071111e-06
1.96800071111e-06
1.96800071111e-06
1.96800071111e-06
1.96800071111e-06
1.96800071111e-06
1.96800071111e-06
1.96800071111e-06
1.96800071111e-06
1.96800071111e-06
1.96800071111e-06
1.96800071111e-06
1.96800071111e-06
1.96800071111e-06
1.96800071111e-06
1.96800071111e-06
1.96800071111e-06
1.96800071111e-06
1.96800071111e-06
1.96800071111e-06
1.96800071111e-06
1.96800071111e-06
1.96800071111e-06
1.96800071111e-06
1.96800071111e-06
1.96800071111e-06
1.96800071111e-06
1.96800071111e-06
1.96800071111e-06
1.96800071111e-06
1.96800071111e-06
1.96800071111e-06
1.96800071111e-06
1.96800071111e-06
1.96800071111e-06
1.96800071111e-06
1.96800071111e-06
1.96800071111e-06
1.96800071111e-06
1.96800071111e-06
1.96800071111e-06
1.96800071111e-06
1.96800071111e-06
1.96800071111e-06
1.96800071111e-06
1.96800071111e-06
1.96800071111e-06
1.96800071111e-06
1.96800071111e-06
1.96800071111e-06
1.96800071111e-06
1.96800071111e-06
1.96800071111e-06
1.96800071111e-06
1.96800071111e-06
1.96800071111e-06
1.96800071111e-06
1.96800071111e-06
1.96800071111e-06
1.96800071111e-06
1.96800071111e-06
1.96800071111e-06
1.96800071111e-06
1.96800071111e-06
1.96800071111e-06
1.96800071111e-06
1.96800071111e-06
1.96800071111e-06
1.96800071111e-06
1.96800071111e-06
1.96800071111e-06
1.96800071111e-06
1.96800071111e-06
1.96800071111e-06
1.96800071111e-06
1.96800071111e-06
1.96800071111e-06
1.96800071111e-06
1.96800071111e-06
1.96800071111e-06
1.96800071111e-06
1.96800071111e-06
1.96800071111e-06
1.96800071111e-06
1.96800071111e-06
1.96800071111e-06
1.96800071111e-06
1.96800071111e-06
1.96800071111e-06
1.96800071111e-06
1.96800071111e-06
1.96800071111e-06
1.96800071111e-06
1.96800071111e-06
1.96800071111e-06
1.96800071111e-06
1.96800071111e-06
1.96800071111e-06
1.96800071111e-06
1.96800071111e-06
1.96800071111e-06
1.96800071111e-06
1.96800071111e-06
1.96800071111e-06
1.96800071111e-06
1.96800071111e-06
1.96800071111e-06
1.96800071111e-06
1.96800071111e-06
1.96800071111e-06
1.96800071111e-06
1.96800071111e-06
1.96800071111e-06
1.96800071111e-06
1.96800071111e-06
1.96800071111e-06
1.96800071111e-06
1.96800071111e-06
1.96800071111e-06
1.96800071111e-06
1.96800071111e-06
1.96800071111e-06
1.96800071111e-06
1.96800071111e-06
1.96800071111e-06
1.96800071111e-06
1.96800071111e-06
1.96800071111e-06
1.96800071111e-06
1.96800071111e-06
1.96800071111e-06
1.96800071111e-06
1.96800071111e-06
1.96800071111e-06
1.96800071111e-06
1.96800071111e-06
1.96800071111e-06
1.96800071111e-06
1.96800071111e-06
1.96800071111e-06
1.96800071111e-06
1.96800071111e-06
1.96800071111e-06
1.96800071111e-06
1.96800071111e-06
1.96800071111e-06
1.96800071111e-06
1.96800071111e-06
1.96800071111e-06
1.96800071111e-06
1.96800071111e-06
1.96800071111e-06
1.96800071111e-06
1.96800071111e-06
1.96800071111e-06
1.96800071111e-06
1.96800071111e-06
1.96800071111e-06
1.96800071111e-06
1.96800071111e-06
1.96800071111e-06
1.96800071111e-06
1.96800071111e-06
1.96800071111e-06
1.96800071111e-06
1.96800071111e-06
1.96800071111e-06
1.96800071111e-06
1.96800071111e-06
1.96800071111e-06
1.96800071111e-06
1.96800071111e-06
1.96800071111e-06
1.96800071111e-06
1.96800071111e-06
1.96800071111e-06
1.96800071111e-06
1.96800071111e-06
1.96800071111e-06
1.96800071111e-06
1.96800071111e-06
1.96800071111e-06
1.96800071111e-06
1.96800071111e-06
1.96800071111e-06
1.96800071111e-06
1.96800071111e-06
1.96800071111e-06
1.96800071111e-06
1.96800071111e-06
1.96800071111e-06
1.96800071111e-06
1.96800071111e-06
1.96800071111e-06
1.96800071111e-06
1.96800071111e-06
1.96800071111e-06
1.96800071111e-06
1.96800071111e-06
1.96800071111e-06
1.96800071111e-06
1.96800071111e-06
1.96800071111e-06
1.96800071111e-06
1.96800071111e-06
1.96800071111e-06
1.96800071111e-06
1.96800071111e-06
1.96800071111e-06
1.96800071111e-06
1.96800071111e-06
1.96800071111e-06
1.96800071111e-06
1.96800071111e-06
1.96800071111e-06
1.96800071111e-06
1.96800071111e-06
1.96800071111e-06
1.96800071111e-06
1.96800071111e-06
1.96800071111e-06
1.96800071111e-06
1.96800071111e-06
1.96800071111e-06
1.96800071111e-06
1.96800071111e-06
1.96800071111e-06
1.96800071111e-06
1.96800071111e-06
1.96800071111e-06
1.96800071111e-06
1.96800071111e-06
1.96800071111e-06
1.96800071111e-06
1.96800071111e-06
1.96800071111e-06
1.96800071111e-06
1.96800071111e-06
1.96800071111e-06
1.96800071111e-06
1.96800071111e-06
1.96800071111e-06
1.96800071111e-06
1.96800071111e-06
1.96800071111e-06
1.96800071111e-06
1.96800071111e-06
1.96800071111e-06
1.96800071111e-06
1.96800071111e-06
1.96800071111e-06
1.96800071111e-06
1.96800071111e-06
1.96800071111e-06
1.96800071111e-06
1.96800071111e-06
1.96800071111e-06
1.96800071111e-06
1.96800071111e-06
1.96800071111e-06
1.96800071111e-06
1.96800071111e-06
1.96800071111e-06
1.96800071111e-06
1.96800071111e-06
1.96800071111e-06
1.96800071111e-06
1.96800071111e-06
1.96800071111e-06
1.96800071111e-06
1.96800071111e-06
1.96800071111e-06
1.96800071111e-06
1.96800071111e-06
1.96800071111e-06
1.96800071111e-06
1.96800071111e-06
1.96800071111e-06
1.96800071111e-06
1.96800071111e-06
1.96800071111e-06
1.96800071111e-06
1.96800071111e-06
1.96800071111e-06
1.96800071111e-06
1.96800071111e-06
1.96800071111e-06
1.96800071111e-06
1.96800071111e-06
1.96800071111e-06
1.96800071111e-06
1.96800071111e-06
1.96800071111e-06
1.96800071111e-06
1.96800071111e-06
1.96800071111e-06
1.96800071111e-06
1.96800071111e-06
1.96800071111e-06
1.96800071111e-06
1.96800071111e-06
1.96800071111e-06
1.96800071111e-06
1.96800071111e-06
1.96800071111e-06
1.96800071111e-06
1.96800071111e-06
1.96800071111e-06
1.96800071111e-06
1.96800071111e-06
1.96800071111e-06
1.96800071111e-06
1.96800071111e-06
1.96800071111e-06
1.96800071111e-06
1.96800071111e-06
1.96800071111e-06
1.96800071111e-06
1.96800071111e-06
1.96800071111e-06
1.96800071111e-06
1.96800071111e-06
1.96800071111e-06
1.96800071111e-06
1.96800071111e-06
1.96800071111e-06
1.96800071111e-06
1.96800071111e-06
1.96800071111e-06
1.96800071111e-06
1.96800071111e-06
1.96800071111e-06
1.96800071111e-06
1.96800071111e-06
1.96800071111e-06
1.96800071111e-06
1.96800071111e-06
1.96800071111e-06
1.96800071111e-06
1.96800071111e-06
1.96800071111e-06
1.96800071111e-06
1.96800071111e-06
1.96800071111e-06
1.96800071111e-06
1.96800071111e-06
1.96800071111e-06
1.96800071111e-06
1.96800071111e-06
1.96800071111e-06
1.96800071111e-06
1.96800071111e-06
1.96800071111e-06
1.96800071111e-06
1.96800071111e-06
1.96800071111e-06
1.96800071111e-06
1.96800071111e-06
1.96800071111e-06
1.96800071111e-06
1.96800071111e-06
1.96800071111e-06
1.96800071111e-06
1.96800071111e-06
1.96800071111e-06
1.96800071111e-06
1.96800071111e-06
1.96800071111e-06
1.96800071111e-06
1.96800071111e-06
1.96800071111e-06
1.96800071111e-06
1.96800071111e-06
1.96800071111e-06
1.96800071111e-06
1.96800071111e-06
1.96800071111e-06
1.96800071111e-06
1.96800071111e-06
1.96800071111e-06
1.96800071111e-06
1.96800071111e-06
1.96800071111e-06
1.96800071111e-06
1.96800071111e-06
1.96800071111e-06
1.96800071111e-06
1.96800071111e-06
1.96800071111e-06
1.96800071111e-06
1.96800071111e-06
1.96800071111e-06
1.96800071111e-06
1.96800071111e-06
1.96800071111e-06
1.96800071111e-06
1.96800071111e-06
1.96800071111e-06
1.96800071111e-06
1.96800071111e-06
1.96800071111e-06
1.96800071111e-06
1.96800071111e-06
1.96800071111e-06
1.96800071111e-06
1.96800071111e-06
1.96800071111e-06
1.96800071111e-06
1.96800071111e-06
1.96800071111e-06
1.96800071111e-06
1.96800071111e-06
1.96800071111e-06
1.96800071111e-06
1.96800071111e-06
1.96800071111e-06
1.96800071111e-06
1.96800071111e-06
1.96800071111e-06
1.96800071111e-06
1.96800071111e-06
1.96800071111e-06
1.96800071111e-06
1.96800071111e-06
1.96800071111e-06
1.96800071111e-06
1.96800071111e-06
1.96800071111e-06
1.96800071111e-06
1.96800071111e-06
1.96800071111e-06
1.96800071111e-06
1.96800071111e-06
1.96800071111e-06
1.96800071111e-06
1.96800071111e-06
1.96800071111e-06
1.96800071111e-06
1.96800071111e-06
1.96800071111e-06
1.96800071111e-06
1.96800071111e-06
1.96800071111e-06
1.96800071111e-06
1.96800071111e-06
1.96800071111e-06
1.96800071111e-06
1.96800071111e-06
1.96800071111e-06
1.96800071111e-06
1.96800071111e-06
1.96800071111e-06
1.96800071111e-06
1.96800071111e-06
1.96800071111e-06
1.96800071111e-06
1.96800071111e-06
1.96800071111e-06
1.96800071111e-06
1.96800071111e-06
1.96800071111e-06
1.96800071111e-06
1.96800071111e-06
1.96800071111e-06
1.96800071111e-06
1.96800071111e-06
1.96800071111e-06
1.96800071111e-06
1.96800071111e-06
1.96800071111e-06
1.96800071111e-06
1.96800071111e-06
1.96800071111e-06
1.96800071111e-06
1.96800071111e-06
1.96800071111e-06
1.96800071111e-06
1.96800071111e-06
1.96800071111e-06
1.96800071111e-06
1.96800071111e-06
1.96800071111e-06
1.96800071111e-06
1.96800071111e-06
1.96800071111e-06
1.96800071111e-06
1.96800071111e-06
1.96800071111e-06
1.96800071111e-06
1.96800071111e-06
1.96800071111e-06
1.96800071111e-06
1.96800071111e-06
1.96800071111e-06
1.96800071111e-06
1.96800071111e-06
1.96800071111e-06
1.96800071111e-06
1.96800071111e-06
1.96800071111e-06
1.96800071111e-06
1.96800071111e-06
1.96800071111e-06
1.96800071111e-06
1.96800071111e-06
1.96800071111e-06
1.96800071111e-06
1.96800071111e-06
1.96800071111e-06
1.96800071111e-06
1.96800071111e-06
1.96800071111e-06
1.96800071111e-06
1.96800071111e-06
1.96800071111e-06
1.96800071111e-06
1.96800071111e-06
1.96800071111e-06
1.96800071111e-06
1.96800071111e-06
1.96800071111e-06
1.96800071111e-06
1.96800071111e-06
1.96800071111e-06
1.96800071111e-06
1.96800071111e-06
1.96800071111e-06
1.96800071111e-06
1.96800071111e-06
1.96800071111e-06
1.96800071111e-06
1.96800071111e-06
1.96800071111e-06
1.96800071111e-06
1.96800071111e-06
1.96800071111e-06
1.96800071111e-06
1.96800071111e-06
1.96800071111e-06
1.96800071111e-06
1.96800071111e-06
1.96800071111e-06
1.96800071111e-06
1.96800071111e-06
1.96800071111e-06
1.96800071111e-06
1.96800071111e-06
1.96800071111e-06
1.96800071111e-06
1.96800071111e-06
1.96800071111e-06
1.96800071111e-06
1.96800071111e-06
1.96800071111e-06
1.96800071111e-06
1.96800071111e-06
1.96800071111e-06
1.96800071111e-06
1.96800071111e-06
1.96800071111e-06
1.96800071111e-06
1.96800071111e-06
1.96800071111e-06
1.96800071111e-06
1.96800071111e-06
1.96800071111e-06
1.96800071111e-06
1.96800071111e-06
1.96800071111e-06
1.96800071111e-06
1.96800071111e-06
1.96800071111e-06
1.96800071111e-06
1.96800071111e-06
1.96800071111e-06
1.96800071111e-06
1.96800071111e-06
1.96800071111e-06
1.96800071111e-06
1.96800071111e-06
1.96800071111e-06
1.96800071111e-06
1.96800071111e-06
1.96800071111e-06
1.96800071111e-06
1.96800071111e-06
1.96800071111e-06
1.96800071111e-06
1.96800071111e-06
1.96800071111e-06
1.96800071111e-06
1.96800071111e-06
1.96800071111e-06
1.96800071111e-06
1.96800071111e-06
1.96800071111e-06
1.96800071111e-06
1.96800071111e-06
1.96800071111e-06
1.96800071111e-06
1.96800071111e-06
1.96800071111e-06
1.96800071111e-06
1.96800071111e-06
1.96800071111e-06
1.96800071111e-06
1.96800071111e-06
1.96800071111e-06
1.96800071111e-06
1.96800071111e-06
1.96800071111e-06
1.96800071111e-06
1.96800071111e-06
1.96800071111e-06
1.96800071111e-06
1.96800071111e-06
1.96800071111e-06
1.96800071111e-06
1.96800071111e-06
1.96800071111e-06
1.96800071111e-06
1.96800071111e-06
1.96800071111e-06
1.96800071111e-06
1.96800071111e-06
1.96800071111e-06
1.96800071111e-06
1.96800071111e-06
1.96800071111e-06
1.96800071111e-06
1.96800071111e-06
1.96800071111e-06
1.96800071111e-06
1.96800071111e-06
1.96800071111e-06
1.96800071111e-06
1.96800071111e-06
1.96800071111e-06
1.96800071111e-06
1.96800071111e-06
1.96800071111e-06
1.96800071111e-06
1.96800071111e-06
1.96800071111e-06
1.96800071111e-06
1.96800071111e-06
1.96800071111e-06
1.96800071111e-06
1.96800071111e-06
1.96800071111e-06
1.96800071111e-06
1.96800071111e-06
1.96800071111e-06
1.96800071111e-06
1.96800071111e-06
1.96800071111e-06
1.96800071111e-06
1.96800071111e-06
1.96800071111e-06
1.96800071111e-06
1.96800071111e-06
1.96800071111e-06
1.96800071111e-06
1.96800071111e-06
1.96800071111e-06
1.96800071111e-06
1.96800071111e-06
1.96800071111e-06
1.96800071111e-06
1.96800071111e-06
1.96800071111e-06
1.96800071111e-06
1.96800071111e-06
1.96800071111e-06
1.96800071111e-06
1.96800071111e-06
1.96800071111e-06
1.96800071111e-06
1.96800071111e-06
1.96800071111e-06
1.96800071111e-06
1.96800071111e-06
1.96800071111e-06
1.96800071111e-06
1.96800071111e-06
1.96800071111e-06
1.96800071111e-06
1.96800071111e-06
1.96800071111e-06
1.96800071111e-06
1.96800071111e-06
1.96800071111e-06
1.96800071111e-06
1.96800071111e-06
1.96800071111e-06
1.96800071111e-06
1.96800071111e-06
1.96800071111e-06
1.96800071111e-06
1.96800071111e-06
1.96800071111e-06
1.96800071111e-06
1.96800071111e-06
1.96800071111e-06
1.96800071111e-06
1.96800071111e-06
1.96800071111e-06
1.96800071111e-06
1.96800071111e-06
1.96800071111e-06
1.96800071111e-06
1.96800071111e-06
1.96800071111e-06
1.96800071111e-06
1.96800071111e-06
1.96800071111e-06
1.96800071111e-06
1.96800071111e-06
1.96800071111e-06
1.96800071111e-06
1.96800071111e-06
1.96800071111e-06
1.96800071111e-06
1.96800071111e-06
1.96800071111e-06
1.96800071111e-06
1.96800071111e-06
1.96800071111e-06
1.96800071111e-06
1.96800071111e-06
1.96800071111e-06
1.96800071111e-06
1.96800071111e-06
1.96800071111e-06
1.96800071111e-06
1.96800071111e-06
1.96800071111e-06
1.96800071111e-06
1.96800071111e-06
1.96800071111e-06
1.96800071111e-06
1.96800071111e-06
1.96800071111e-06
1.96800071111e-06
1.96800071111e-06
1.96800071111e-06
1.96800071111e-06
1.96800071111e-06
1.96800071111e-06
1.96800071111e-06
1.96800071111e-06
1.96800071111e-06
1.96800071111e-06
1.96800071111e-06
1.96800071111e-06
1.96800071111e-06
1.96800071111e-06
1.96800071111e-06
1.96800071111e-06
1.96800071111e-06
1.96800071111e-06
1.96800071111e-06
1.96800071111e-06
1.96800071111e-06
1.96800071111e-06
1.96800071111e-06
1.96800071111e-06
1.96800071111e-06
1.96800071111e-06
1.96800071111e-06
1.96800071111e-06
1.96800071111e-06
1.96800071111e-06
1.96800071111e-06
1.96800071111e-06
1.96800071111e-06
1.96800071111e-06
1.96800071111e-06
1.96800071111e-06
1.96800071111e-06
1.96800071111e-06
1.96800071111e-06
1.96800071111e-06
1.96800071111e-06
1.96800071111e-06
1.96800071111e-06
1.96800071111e-06
1.96800071111e-06
1.96800071111e-06
1.96800071111e-06
1.96800071111e-06
1.96800071111e-06
1.96800071111e-06
1.96800071111e-06
1.96800071111e-06
1.96800071111e-06
1.96800071111e-06
1.96800071111e-06
1.96800071111e-06
1.96800071111e-06
1.96800071111e-06
1.96800071111e-06
1.96800071111e-06
1.96800071111e-06
1.96800071111e-06
1.96800071111e-06
1.96800071111e-06
1.96800071111e-06
1.96800071111e-06
1.96800071111e-06
1.96800071111e-06
1.96800071111e-06
1.96800071111e-06
1.96800071111e-06
1.96800071111e-06
1.96800071111e-06
1.96800071111e-06
1.96800071111e-06
1.96800071111e-06
1.96800071111e-06
1.96800071111e-06
1.96800071111e-06
1.96800071111e-06
1.96800071111e-06
1.96800071111e-06
1.96800071111e-06
1.96800071111e-06
1.96800071111e-06
1.96800071111e-06
1.96800071111e-06
1.96800071111e-06
1.96800071111e-06
1.96800071111e-06
1.96800071111e-06
1.96800071111e-06
1.96800071111e-06
1.96800071111e-06
1.96800071111e-06
1.96800071111e-06
1.96800071111e-06
1.96800071111e-06
1.96800071111e-06
1.96800071111e-06
1.96800071111e-06
1.96800071111e-06
1.96800071111e-06
1.96800071111e-06
1.96800071111e-06
1.96800071111e-06
1.96800071111e-06
1.96800071111e-06
1.96800071111e-06
1.96800071111e-06
1.96800071111e-06
1.96800071111e-06
1.96800071111e-06
1.96800071111e-06
1.96800071111e-06
1.96800071111e-06
1.96800071111e-06
1.96800071111e-06
1.96800071111e-06
1.96800071111e-06
1.96800071111e-06
1.96800071111e-06
1.96800071111e-06
1.96800071111e-06
1.96800071111e-06
1.96800071111e-06
1.96800071111e-06
1.96800071111e-06
1.96800071111e-06
1.96800071111e-06
1.96800071111e-06
1.96800071111e-06
1.96800071111e-06
1.96800071111e-06
1.96800071111e-06
1.96800071111e-06
1.96800071111e-06
1.96800071111e-06
1.96800071111e-06
1.96800071111e-06
1.96800071111e-06
1.96800071111e-06
1.96800071111e-06
1.96800071111e-06
1.96800071111e-06
1.96800071111e-06
1.96800071111e-06
1.96800071111e-06
1.96800071111e-06
1.96800071111e-06
1.96800071111e-06
1.96800071111e-06
1.96800071111e-06
1.96800071111e-06
1.96800071111e-06
1.96800071111e-06
1.96800071111e-06
1.96800071111e-06
1.96800071111e-06
1.96800071111e-06
1.96800071111e-06
1.96800071111e-06
1.96800071111e-06
1.96800071111e-06
1.96800071111e-06
1.96800071111e-06
1.96800071111e-06
1.96800071111e-06
1.96800071111e-06
1.96800071111e-06
1.96800071111e-06
1.96800071111e-06
1.96800071111e-06
1.96800071111e-06
1.96800071111e-06
1.96800071111e-06
1.96800071111e-06
1.96800071111e-06
1.96800071111e-06
1.96800071111e-06
1.96800071111e-06
1.96800071111e-06
1.96800071111e-06
1.96800071111e-06
1.96800071111e-06
1.96800071111e-06
1.96800071111e-06
1.96800071111e-06
1.96800071111e-06
1.96800071111e-06
1.96800071111e-06
1.96800071111e-06
1.96800071111e-06
1.96800071111e-06
1.96800071111e-06
1.96800071111e-06
1.96800071111e-06
1.96800071111e-06
1.96800071111e-06
1.96800071111e-06
1.96800071111e-06
1.96800071111e-06
1.96800071111e-06
1.96800071111e-06
1.96800071111e-06
1.96800071111e-06
1.96800071111e-06
1.96800071111e-06
1.96800071111e-06
1.96800071111e-06
1.96800071111e-06
1.96800071111e-06
1.96800071111e-06
1.96800071111e-06
1.96800071111e-06
1.96800071111e-06
1.96800071111e-06
1.96800071111e-06
1.96800071111e-06
1.96800071111e-06
1.96800071111e-06
1.96800071111e-06
1.96800071111e-06
1.96800071111e-06
1.96800071111e-06
1.96800071111e-06
1.96800071111e-06
1.96800071111e-06
1.96800071111e-06
1.96800071111e-06
1.96800071111e-06
1.96800071111e-06
1.96800071111e-06
1.96800071111e-06
1.96800071111e-06
1.96800071111e-06
1.96800071111e-06
1.96800071111e-06
1.96800071111e-06
1.96800071111e-06
1.96800071111e-06
1.96800071111e-06
1.96800071111e-06
1.96800071111e-06
1.96800071111e-06
1.96800071111e-06
1.96800071111e-06
1.96800071111e-06
1.96800071111e-06
1.96800071111e-06
1.96800071111e-06
1.96800071111e-06
1.96800071111e-06
1.96800071111e-06
1.96800071111e-06
1.96800071111e-06
1.96800071111e-06
1.96800071111e-06
1.96800071111e-06
1.96800071111e-06
1.96800071111e-06
1.96800071111e-06
1.96800071111e-06
1.96800071111e-06
1.96800071111e-06
1.96800071111e-06
1.96800071111e-06
1.96800071111e-06
1.96800071111e-06
1.96800071111e-06
1.96800071111e-06
1.96800071111e-06
1.96800071111e-06
1.96800071111e-06
1.96800071111e-06
1.96800071111e-06
1.96800071111e-06
1.96800071111e-06
1.96800071111e-06
1.96800071111e-06
1.96800071111e-06
1.96800071111e-06
1.96800071111e-06
1.96800071111e-06
1.96800071111e-06
1.96800071111e-06
1.96800071111e-06
1.96800071111e-06
1.96800071111e-06
1.96800071111e-06
1.96800071111e-06
1.96800071111e-06
1.96800071111e-06
1.96800071111e-06
1.96800071111e-06
1.96800071111e-06
1.96800071111e-06
1.96800071111e-06
1.96800071111e-06
1.96800071111e-06
1.96800071111e-06
1.96800071111e-06
1.96800071111e-06
1.96800071111e-06
1.96800071111e-06
1.96800071111e-06
1.96800071111e-06
1.96800071111e-06
1.96800071111e-06
1.96800071111e-06
1.96800071111e-06
1.96800071111e-06
1.96800071111e-06
1.96800071111e-06
1.96800071111e-06
1.96800071111e-06
1.96800071111e-06
1.96800071111e-06
1.96800071111e-06
1.96800071111e-06
1.96800071111e-06
1.96800071111e-06
1.96800071111e-06
1.96800071111e-06
1.96800071111e-06
1.96800071111e-06
1.96800071111e-06
1.96800071111e-06
1.96800071111e-06
1.96800071111e-06
1.96800071111e-06
1.96800071111e-06
1.96800071111e-06
1.96800071111e-06
1.96800071111e-06
1.96800071111e-06
1.96800071111e-06
1.96800071111e-06
1.96800071111e-06
1.96800071111e-06
1.96800071111e-06
1.96800071111e-06
1.96800071111e-06
1.96800071111e-06
1.96800071111e-06
1.96800071111e-06
1.96800071111e-06
1.96800071111e-06
1.96800071111e-06
1.96800071111e-06
1.96800071111e-06
1.96800071111e-06
1.96800071111e-06
1.96800071111e-06
1.96800071111e-06
1.96800071111e-06
1.96800071111e-06
1.96800071111e-06
1.96800071111e-06
1.96800071111e-06
1.96800071111e-06
1.96800071111e-06
1.96800071111e-06
1.96800071111e-06
1.96800071111e-06
1.96800071111e-06
1.96800071111e-06
1.96800071111e-06
1.96800071111e-06
1.96800071111e-06
1.96800071111e-06
1.96800071111e-06
1.96800071111e-06
1.96800071111e-06
1.96800071111e-06
1.96800071111e-06
1.96800071111e-06
1.96800071111e-06
1.96800071111e-06
1.96800071111e-06
1.96800071111e-06
1.96800071111e-06
1.96800071111e-06
1.96800071111e-06
1.96800071111e-06
1.96800071111e-06
1.96800071111e-06
1.96800071111e-06
1.96800071111e-06
1.96800071111e-06
1.96800071111e-06
1.96800071111e-06
1.96800071111e-06
1.96800071111e-06
1.96800071111e-06
1.96800071111e-06
1.96800071111e-06
1.96800071111e-06
1.96800071111e-06
1.96800071111e-06
1.96800071111e-06
1.96800071111e-06
1.96800071111e-06
1.96800071111e-06
1.96800071111e-06
1.96800071111e-06
1.96800071111e-06
1.96800071111e-06
1.96800071111e-06
1.96800071111e-06
1.96800071111e-06
1.96800071111e-06
1.96800071111e-06
1.96800071111e-06
1.96800071111e-06
1.96800071111e-06
1.96800071111e-06
1.96800071111e-06
1.96800071111e-06
1.96800071111e-06
1.96800071111e-06
1.96800071111e-06
1.96800071111e-06
1.96800071111e-06
1.96800071111e-06
1.96800071111e-06
1.96800071111e-06
1.96800071111e-06
1.96800071111e-06
1.96800071111e-06
1.96800071111e-06
1.96800071111e-06
1.96800071111e-06
1.96800071111e-06
1.96800071111e-06
1.96800071111e-06
1.96800071111e-06
1.96800071111e-06
1.96800071111e-06
1.96800071111e-06
1.96800071111e-06
1.96800071111e-06
1.96800071111e-06
1.96800071111e-06
1.96800071111e-06
1.96800071111e-06
1.96800071111e-06
1.96800071111e-06
1.96800071111e-06
1.96800071111e-06
1.96800071111e-06
1.96800071111e-06
1.96800071111e-06
1.96800071111e-06
1.96800071111e-06
1.96800071111e-06
1.96800071111e-06
1.96800071111e-06
1.96800071111e-06
1.96800071111e-06
1.96800071111e-06
1.96800071111e-06
1.96800071111e-06
1.96800071111e-06
1.96800071111e-06
1.96800071111e-06
1.96800071111e-06
1.96800071111e-06
1.96800071111e-06
1.96800071111e-06
1.96800071111e-06
1.96800071111e-06
1.96800071111e-06
1.96800071111e-06
1.96800071111e-06
1.96800071111e-06
1.96800071111e-06
1.96800071111e-06
1.96800071111e-06
1.96800071111e-06
1.96800071111e-06
1.96800071111e-06
1.96800071111e-06
1.96800071111e-06
1.96800071111e-06
1.96800071111e-06
1.96800071111e-06
1.96800071111e-06
1.96800071111e-06
1.96800071111e-06
1.96800071111e-06
1.96800071111e-06
1.96800071111e-06
1.96800071111e-06
1.96800071111e-06
1.96800071111e-06
1.96800071111e-06
1.96800071111e-06
1.96800071111e-06
1.96800071111e-06
1.96800071111e-06
1.96800071111e-06
1.96800071111e-06
1.96800071111e-06
1.96800071111e-06
1.96800071111e-06
1.96800071111e-06
1.96800071111e-06
1.96800071111e-06
1.96800071111e-06
1.96800071111e-06
1.96800071111e-06
1.96800071111e-06
1.96800071111e-06
1.96800071111e-06
1.96800071111e-06
1.96800071111e-06
1.96800071111e-06
1.96800071111e-06
1.96800071111e-06
1.96800071111e-06
1.96800071111e-06
1.96800071111e-06
1.96800071111e-06
1.96800071111e-06
1.96800071111e-06
1.96800071111e-06
1.96800071111e-06
1.96800071111e-06
1.96800071111e-06
1.96800071111e-06
1.96800071111e-06
1.96800071111e-06
1.96800071111e-06
1.96800071111e-06
1.96800071111e-06
1.96800071111e-06
1.96800071111e-06
1.96800071111e-06
1.96800071111e-06
1.96800071111e-06
1.96800071111e-06
1.96800071111e-06
1.96800071111e-06
1.96800071111e-06
1.96800071111e-06
1.96800071111e-06
1.96800071111e-06
1.96800071111e-06
1.96800071111e-06
1.96800071111e-06
1.96800071111e-06
1.96800071111e-06
1.96800071111e-06
1.96800071111e-06
1.96800071111e-06
1.96800071111e-06
1.96800071111e-06
1.96800071111e-06
1.96800071111e-06
1.96800071111e-06
1.96800071111e-06
1.96800071111e-06
1.96800071111e-06
1.96800071111e-06
1.96800071111e-06
1.96800071111e-06
1.96800071111e-06
1.96800071111e-06
1.96800071111e-06
1.96800071111e-06
1.96800071111e-06
1.96800071111e-06
1.96800071111e-06
1.96800071111e-06
1.96800071111e-06
1.96800071111e-06
1.96800071111e-06
1.96800071111e-06
1.96800071111e-06
1.96800071111e-06
1.96800071111e-06
1.96800071111e-06
1.96800071111e-06
1.96800071111e-06
1.96800071111e-06
1.96800071111e-06
1.96800071111e-06
1.96800071111e-06
1.96800071111e-06
1.96800071111e-06
1.96800071111e-06
1.96800071111e-06
1.96800071111e-06
1.96800071111e-06
1.96800071111e-06
1.96800071111e-06
1.96800071111e-06
1.96800071111e-06
1.96800071111e-06
1.96800071111e-06
1.96800071111e-06
1.96800071111e-06
1.96800071111e-06
1.96800071111e-06
1.96800071111e-06
1.96800071111e-06
1.96800071111e-06
1.96800071111e-06
1.96800071111e-06
1.96800071111e-06
1.96800071111e-06
1.96800071111e-06
1.96800071111e-06
1.96800071111e-06
1.96800071111e-06
1.96800071111e-06
1.96800071111e-06
1.96800071111e-06
1.96800071111e-06
1.96800071111e-06
1.96800071111e-06
1.96800071111e-06
1.96800071111e-06
1.96800071111e-06
1.96800071111e-06
1.96800071111e-06
1.96800071111e-06
1.96800071111e-06
1.96800071111e-06
1.96800071111e-06
1.96800071111e-06
1.96800071111e-06
1.96800071111e-06
1.96800071111e-06
1.96800071111e-06
1.96800071111e-06
1.96800071111e-06
1.96800071111e-06
1.96800071111e-06
1.96800071111e-06
1.96800071111e-06
1.96800071111e-06
1.96800071111e-06
1.96800071111e-06
1.96800071111e-06
1.96800071111e-06
1.96800071111e-06
1.96800071111e-06
1.96800071111e-06
1.96800071111e-06
1.96800071111e-06
1.96800071111e-06
1.96800071111e-06
1.96800071111e-06
1.96800071111e-06
1.96800071111e-06
1.96800071111e-06
1.96800071111e-06
1.96800071111e-06
1.96800071111e-06
1.96800071111e-06
1.96800071111e-06
1.96800071111e-06
1.96800071111e-06
1.96800071111e-06
1.96800071111e-06
1.96800071111e-06
1.96800071111e-06
1.96800071111e-06
1.96800071111e-06
1.96800071111e-06
1.96800071111e-06
1.96800071111e-06
1.96800071111e-06
1.96800071111e-06
1.96800071111e-06
1.96800071111e-06
1.96800071111e-06
1.96800071111e-06
1.96800071111e-06
1.96800071111e-06
1.96800071111e-06
1.96800071111e-06
1.96800071111e-06
1.96800071111e-06
1.96800071111e-06
1.96800071111e-06
1.96800071111e-06
1.96800071111e-06
1.96800071111e-06
1.96800071111e-06
1.96800071111e-06
1.96800071111e-06
1.96800071111e-06
1.96800071111e-06
1.96800071111e-06
1.96800071111e-06
1.96800071111e-06
1.96800071111e-06
1.96800071111e-06
1.96800071111e-06
1.96800071111e-06
1.96800071111e-06
1.96800071111e-06
1.96800071111e-06
1.96800071111e-06
1.96800071111e-06
1.96800071111e-06
1.96800071111e-06
1.96800071111e-06
1.96800071111e-06
1.96800071111e-06
1.96800071111e-06
1.96800071111e-06
1.96800071111e-06
1.96800071111e-06
1.96800071111e-06
1.96800071111e-06
1.96800071111e-06
1.96800071111e-06
1.96800071111e-06
1.96800071111e-06
1.96800071111e-06
1.96800071111e-06
1.96800071111e-06
1.96800071111e-06
1.96800071111e-06
1.96800071111e-06
1.96800071111e-06
1.96800071111e-06
1.96800071111e-06
1.96800071111e-06
1.96800071111e-06
1.96800071111e-06
1.96800071111e-06
1.96800071111e-06
1.96800071111e-06
1.96800071111e-06
1.96800071111e-06
1.96800071111e-06
1.96800071111e-06
1.96800071111e-06
1.96800071111e-06
1.96800071111e-06
1.96800071111e-06
1.96800071111e-06
1.96800071111e-06
1.96800071111e-06
1.96800071111e-06
1.96800071111e-06
1.96800071111e-06
1.96800071111e-06
1.96800071111e-06
1.96800071111e-06
1.96800071111e-06
1.96800071111e-06
1.96800071111e-06
1.96800071111e-06
1.96800071111e-06
1.96800071111e-06
1.96800071111e-06
1.96800071111e-06
1.96800071111e-06
1.96800071111e-06
1.96800071111e-06
1.96800071111e-06
1.96800071111e-06
1.96800071111e-06
1.96800071111e-06
1.96800071111e-06
1.96800071111e-06
1.96800071111e-06
1.96800071111e-06
1.96800071111e-06
1.96800071111e-06
1.96800071111e-06
1.96800071111e-06
1.96800071111e-06
1.96800071111e-06
1.96800071111e-06
1.96800071111e-06
1.96800071111e-06
1.96800071111e-06
1.96800071111e-06
1.96800071111e-06
1.96800071111e-06
1.96800071111e-06
1.96800071111e-06
1.96800071111e-06
1.96800071111e-06
1.96800071111e-06
1.96800071111e-06
1.96800071111e-06
1.96800071111e-06
1.96800071111e-06
1.96800071111e-06
1.96800071111e-06
1.96800071111e-06
1.96800071111e-06
1.96800071111e-06
1.96800071111e-06
1.96800071111e-06
1.96800071111e-06
1.96800071111e-06
1.96800071111e-06
1.96800071111e-06
1.96800071111e-06
1.96800071111e-06
1.96800071111e-06
1.96800071111e-06
1.96800071111e-06
1.96800071111e-06
1.96800071111e-06
1.96800071111e-06
1.96800071111e-06
1.96800071111e-06
1.96800071111e-06
1.96800071111e-06
1.96800071111e-06
1.96800071111e-06
1.96800071111e-06
1.96800071111e-06
1.96800071111e-06
1.96800071111e-06
1.96800071111e-06
1.96800071111e-06
1.96800071111e-06
1.96800071111e-06
1.96800071111e-06
1.96800071111e-06
1.96800071111e-06
1.96800071111e-06
1.96800071111e-06
1.96800071111e-06
1.96800071111e-06
1.96800071111e-06
1.96800071111e-06
1.96800071111e-06
1.96800071111e-06
1.96800071111e-06
1.96800071111e-06
1.96800071111e-06
1.96800071111e-06
1.96800071111e-06
1.96800071111e-06
1.96800071111e-06
1.96800071111e-06
1.96800071111e-06
1.96800071111e-06
1.96800071111e-06
1.96800071111e-06
1.96800071111e-06
1.96800071111e-06
1.96800071111e-06
1.96800071111e-06
1.96800071111e-06
1.96800071111e-06
1.96800071111e-06
1.96800071111e-06
1.96800071111e-06
1.96800071111e-06
1.96800071111e-06
1.96800071111e-06
1.96800071111e-06
1.96800071111e-06
1.96800071111e-06
1.96800071111e-06
1.96800071111e-06
1.96800071111e-06
1.96800071111e-06
1.96800071111e-06
1.96800071111e-06
1.96800071111e-06
1.96800071111e-06
1.96800071111e-06
1.96800071111e-06
1.96800071111e-06
1.96800071111e-06
1.96800071111e-06
1.96800071111e-06
1.96800071111e-06
1.96800071111e-06
1.96800071111e-06
1.96800071111e-06
1.96800071111e-06
1.96800071111e-06