100	1e-5	100	1e-5	100	1e-5	100	1e-5	1
100	1e-05	100	1e-05	100	1e-05	100	1e-05	0.320233113196
98.5264223057	1e-05	98.5264223057	1e-05	98.5264223057	1e-05	98.5264223057	1e-05	0.323560614693
102.954761228	1e-05	102.954761228	1e-05	102.954761228	1e-05	102.954761228	1e-05	0.37714771963
105.723042636	1e-05	105.723042636	1e-05	105.723042636	1e-05	105.723042636	1e-05	0.416590648481
105.723042636	1e-05	105.723042636	1.01986637276e-05	105.723042636	1e-05	105.723042636	1e-05	0.381150412028
107.301953713	1e-05	107.301953713	1.01986637276e-05	107.301953713	1e-05	107.301953713	1e-05	0.402956763927
112.041340515	1e-05	112.041340515	1.01986637276e-05	112.041340515	1e-05	112.041340515	1e-05	0.454648405147
108.450855027	1e-05	108.450855027	1.01986637276e-05	108.450855027	1e-05	108.450855027	1e-05	0.406157863061
112.655658232	1e-05	112.655658232	1.01986637276e-05	112.655658232	1e-05	112.655658232	1e-05	0.462232538984
107.596242529	1e-05	107.596242529	1.01986637276e-05	107.596242529	1e-05	107.596242529	1e-05	0.395036928098
107.596242529	1e-05	107.596242529	1.01986637276e-05	107.596242529	1e-05	107.596242529	9.62356145953e-06	0.372623656393
107.596242529	9.69603314087e-06	107.596242529	1.01986637276e-05	107.596242529	1e-05	107.596242529	9.62356145953e-06	0.40085981387
107.596242529	9.69603314087e-06	107.596242529	1.04628127134e-05	107.596242529	1e-05	107.596242529	9.62356145953e-06	0.416035528366
107.596242529	9.69603314087e-06	107.596242529	1.03530247472e-05	107.596242529	1e-05	107.596242529	9.62356145953e-06	0.386106910833
104.750577221	9.69603314087e-06	104.750577221	1.03530247472e-05	104.750577221	1e-05	104.750577221	9.62356145953e-06	0.363289538216
104.750577221	9.69603314087e-06	104.750577221	1.03530247472e-05	104.750577221	1.00648990133e-05	104.750577221	9.62356145953e-06	0.390029299578
104.750577221	9.69603314087e-06	104.750577221	1.03530247472e-05	104.750577221	1.02443449e-05	104.750577221	9.62356145953e-06	0.352156486853
102.744119263	9.69603314087e-06	102.744119263	1.03530247472e-05	102.744119263	1.02443449e-05	102.744119263	9.62356145953e-06	0.323932378125
104.831885786	9.69603314087e-06	104.831885786	1.03530247472e-05	104.831885786	1.02443449e-05	104.831885786	9.62356145953e-06	0.32037514051
104.831885786	9.69603314087e-06	104.831885786	1.03530247472e-05	104.831885786	1.02443449e-05	104.831885786	9.79120712535e-06	0.338443178066
104.831885786	9.69603314087e-06	104.831885786	1.03530247472e-05	104.831885786	1.02443449e-05	104.831885786	1.02136908812e-05	0.39985465491
104.831885786	9.57868724378e-06	104.831885786	1.03530247472e-05	104.831885786	1.02443449e-05	104.831885786	1.02136908812e-05	0.355363498581
102.792612222	9.57868724378e-06	102.792612222	1.03530247472e-05	102.792612222	1.02443449e-05	102.792612222	1.02136908812e-05	0.338392335528
105.942130017	9.57868724378e-06	105.942130017	1.03530247472e-05	105.942130017	1.02443449e-05	105.942130017	1.02136908812e-05	0.37395394551
105.942130017	9.57868724378e-06	105.942130017	1.02638947386e-05	105.942130017	1.02443449e-05	105.942130017	1.02136908812e-05	0.407350962064
104.133666079	9.57868724378e-06	104.133666079	1.02638947386e-05	104.133666079	1.02443449e-05	104.133666079	1.02136908812e-05	0.364402176782
104.133666079	9.57868724378e-06	104.133666079	1.02638947386e-05	104.133666079	1.00714367725e-05	104.133666079	1.02136908812e-05	0.368802890044
104.133666079	9.37855170977e-06	104.133666079	1.02638947386e-05	104.133666079	1.00714367725e-05	104.133666079	1.02136908812e-05	0.360309579941
104.133666079	9.37855170977e-06	104.133666079	1.06681589595e-05	104.133666079	1.00714367725e-05	104.133666079	1.02136908812e-05	0.314047538645
104.133666079	9.37855170977e-06	104.133666079	1.06681589595e-05	104.133666079	9.89448423185e-06	104.133666079	1.02136908812e-05	0.415305362181
104.133666079	9.37855170977e-06	104.133666079	1.06681589595e-05	104.133666079	9.89448423185e-06	104.133666079	1.03311902114e-05	0.367440361158
107.702639024	9.37855170977e-06	107.702639024	1.06681589595e-05	107.702639024	9.89448423185e-06	107.702639024	1.03311902114e-05	0.412020816065
107.702639024	9.37855170977e-06	107.702639024	1.06681589595e-05	107.702639024	9.97707662642e-06	107.702639024	1.03311902114e-05	0.413036670301
107.702639024	9.37855170977e-06	107.702639024	1.06681589595e-05	107.702639024	9.97707662642e-06	107.702639024	9.90217223008e-06	0.432526116374
107.702639024	9.37855170977e-06	107.702639024	1.06681589595e-05	107.702639024	9.62064012646e-06	107.702639024	9.90217223008e-06	0.434623180757
103.411428254	9.37855170977e-06	103.411428254	1.06681589595e-05	103.411428254	9.62064012646e-06	103.411428254	9.90217223008e-06	0.351042590445
103.411428254	9.37855170977e-06	103.411428254	1.06396703817e-05	103.411428254	9.62064012646e-06	103.411428254	9.90217223008e-06	0.366457217795
100.903250745	9.37855170977e-06	100.903250745	1.06396703817e-05	100.903250745	9.62064012646e-06	100.903250745	9.90217223008e-06	0.314989023821
100.903250745	9.37855170977e-06	100.903250745	1.06396703817e-05	100.903250745	9.23874266517e-06	100.903250745	9.90217223008e-06	0.363486125516
100.842169491	9.37855170977e-06	100.842169491	1.06396703817e-05	100.842169491	9.23874266517e-06	100.842169491	9.90217223008e-06	0.317332784944
100.842169491	9.19137512539e-06	100.842169491	1.06396703817e-05	100.842169491	9.23874266517e-06	100.842169491	9.90217223008e-06	0.340970876363
100.842169491	9.19137512539e-06	100.842169491	1.06396703817e-05	100.842169491	9.23874266517e-06	100.842169491	1.01697026785e-05	0.314819810805
100.842169491	9.19137512539e-06	100.842169491	1.0301872445e-05	100.842169491	9.23874266517e-06	100.842169491	1.01697026785e-05	0.314254483831
100.842169491	9.19137512539e-06	100.842169491	1.0301872445e-05	100.842169491	8.80964107745e-06	100.842169491	1.01697026785e-05	0.308108931326
100.842169491	9.19137512539e-06	100.842169491	1.0301872445e-05	100.842169491	8.44214792899e-06	100.842169491	1.01697026785e-05	0.37179293631
100.842169491	9.19137512539e-06	100.842169491	1.0301872445e-05	100.842169491	8.44214792899e-06	100.842169491	1.01551502222e-05	0.329722673781
100.842169491	9.19137512539e-06	100.842169491	1.0301872445e-05	100.842169491	8.44214792899e-06	100.842169491	1.02190399517e-05	0.335205447699
100.842169491	9.19137512539e-06	100.842169491	1.0301872445e-05	100.842169491	8.84440971201e-06	100.842169491	1.02190399517e-05	0.405162979963
100.842169491	9.19137512539e-06	100.842169491	1.01135495912e-05	100.842169491	8.84440971201e-06	100.842169491	1.02190399517e-05	0.342490828539
100.842169491	9.19137512539e-06	100.842169491	1.01135495912e-05	100.842169491	8.72504003879e-06	100.842169491	1.02190399517e-05	0.340791962702
100.842169491	9.5165751553e-06	100.842169491	1.01135495912e-05	100.842169491	8.72504003879e-06	100.842169491	1.02190399517e-05	0.34354870182
100.842169491	9.5165751553e-06	100.842169491	1.01135495912e-05	100.842169491	8.72504003879e-06	100.842169491	1.00645445549e-05	0.348881604471
100.842169491	9.5165751553e-06	100.842169491	1.02470280267e-05	100.842169491	8.72504003879e-06	100.842169491	1.00645445549e-05	0.323605725195
105.383800538	9.5165751553e-06	105.383800538	1.02470280267e-05	105.383800538	8.72504003879e-06	105.383800538	1.00645445549e-05	0.378579377698
105.383800538	9.5165751553e-06	105.383800538	1.07172996542e-05	105.383800538	8.72504003879e-06	105.383800538	1.00645445549e-05	0.407175959155
105.383800538	9.31121369494e-06	105.383800538	1.07172996542e-05	105.383800538	8.72504003879e-06	105.383800538	1.00645445549e-05	0.385756722431
105.383800538	9.31121369494e-06	105.383800538	1.07172996542e-05	105.383800538	9.10963581861e-06	105.383800538	1.00645445549e-05	0.415347592733
109.160560849	9.31121369494e-06	109.160560849	1.07172996542e-05	109.160560849	9.10963581861e-06	109.160560849	1.00645445549e-05	0.424218654707
109.160560849	9.31121369494e-06	109.160560849	1.07172996542e-05	109.160560849	9.10963581861e-06	109.160560849	9.74194111113e-06	0.465401454537
110.540304904	9.31121369494e-06	110.540304904	1.07172996542e-05	110.540304904	9.10963581861e-06	110.540304904	9.74194111113e-06	0.467887863322
110.540304904	8.9900079683e-06	110.540304904	1.07172996542e-05	110.540304904	9.10963581861e-06	110.540304904	9.74194111113e-06	0.486462165539
112.93751892	8.9900079683e-06	112.93751892	1.07172996542e-05	112.93751892	9.10963581861e-06	112.93751892	9.74194111113e-06	0.509965186154
112.93751892	8.9900079683e-06	112.93751892	1.07172996542e-05	112.93751892	9.53526933066e-06	112.93751892	9.74194111113e-06	0.478894988689
112.93751892	8.9900079683e-06	112.93751892	1.12132417679e-05	112.93751892	9.53526933066e-06	112.93751892	9.74194111113e-06	0.472307706934
112.93751892	8.9900079683e-06	112.93751892	1.12132417679e-05	112.93751892	9.53526933066e-06	112.93751892	9.64681292144e-06	0.510778230474
112.93751892	8.9900079683e-06	112.93751892	1.12132417679e-05	112.93751892	9.53526933066e-06	112.93751892	9.23754656655e-06	0.466871730331
112.93751892	8.9900079683e-06	112.93751892	1.12132417679e-05	112.93751892	9.53526933066e-06	112.93751892	9.48858510588e-06	0.450985682384
112.93751892	8.9900079683e-06	112.93751892	1.10099887068e-05	112.93751892	9.53526933066e-06	112.93751892	9.48858510588e-06	0.498000708973
112.93751892	8.9900079683e-06	112.93751892	1.10099887068e-05	112.93751892	9.53526933066e-06	112.93751892	9.42414523309e-06	0.526170346841
112.93751892	8.9900079683e-06	112.93751892	1.10099887068e-05	112.93751892	9.53526933066e-06	112.93751892	9.23257255335e-06	0.551492893053
112.93751892	8.9900079683e-06	112.93751892	1.10099887068e-05	112.93751892	9.53526933066e-06	112.93751892	9.46353429838e-06	0.509972208196
112.93751892	8.9900079683e-06	112.93751892	1.10099887068e-05	112.93751892	9.53526933066e-06	112.93751892	9.37324092361e-06	0.491699298877
108.067572102	8.9900079683e-06	108.067572102	1.10099887068e-05	108.067572102	9.53526933066e-06	108.067572102	9.37324092361e-06	0.416464475317
108.067572102	8.9900079683e-06	108.067572102	1.10656329841e-05	108.067572102	9.53526933066e-06	108.067572102	9.37324092361e-06	0.446743642925
108.067572102	8.9900079683e-06	108.067572102	1.13312126338e-05	108.067572102	9.53526933066e-06	108.067572102	9.37324092361e-06	0.453753425014
108.067572102	8.9900079683e-06	108.067572102	1.18153781487e-05	108.067572102	9.53526933066e-06	108.067572102	9.37324092361e-06	0.387132937993
108.067572102	8.9900079683e-06	108.067572102	1.18153781487e-05	108.067572102	9.53526933066e-06	108.067572102	9.45724349979e-06	0.431110018964
108.067572102	8.9900079683e-06	108.067572102	1.20818606499e-05	108.067572102	9.53526933066e-06	108.067572102	9.45724349979e-06	0.381229189703
108.067572102	8.9900079683e-06	108.067572102	1.20818606499e-05	108.067572102	9.53526933066e-06	108.067572102	9.45724349979e-06	0.381229189703
112.668414348	8.9900079683e-06	112.668414348	1.20818606499e-05	112.668414348	9.53526933066e-06	112.668414348	9.45724349979e-06	0.492499858638
112.668414348	8.9900079683e-06	112.668414348	1.20818606499e-05	112.668414348	9.53526933066e-06	112.668414348	9.60022466618e-06	0.463326863809
112.668414348	9.40923165244e-06	112.668414348	1.20818606499e-05	112.668414348	9.53526933066e-06	112.668414348	9.60022466618e-06	0.431324937715
112.668414348	9.40923165244e-06	112.668414348	1.20818606499e-05	112.668414348	9.53526933066e-06	112.668414348	9.60022466618e-06	0.431324937715
107.223195845	9.40923165244e-06	107.223195845	1.20818606499e-05	107.223195845	9.53526933066e-06	107.223195845	9.60022466618e-06	0.397500964049
107.223195845	9.36859993107e-06	107.223195845	1.20818606499e-05	107.223195845	9.53526933066e-06	107.223195845	9.60022466618e-06	0.363443612573
107.223195845	9.36859993107e-06	107.223195845	1.21440707281e-05	107.223195845	9.53526933066e-06	107.223195845	9.60022466618e-06	0.400762556125
107.223195845	9.03416369089e-06	107.223195845	1.21440707281e-05	107.223195845	9.53526933066e-06	107.223195845	9.60022466618e-06	0.400383325433
107.223195845	9.03416369089e-06	107.223195845	1.21440707281e-05	107.223195845	9.1891986345e-06	107.223195845	9.60022466618e-06	0.425255565863
107.223195845	9.03416369089e-06	107.223195845	1.21440707281e-05	107.223195845	9.1891986345e-06	107.223195845	9.44915636087e-06	0.360469289044
110.815754423	9.03416369089e-06	110.815754423	1.21440707281e-05	110.815754423	9.1891986345e-06	110.815754423	9.44915636087e-06	0.453631893092
111.683074758	9.03416369089e-06	111.683074758	1.21440707281e-05	111.683074758	9.1891986345e-06	111.683074758	9.44915636087e-06	0.472636952456
111.683074758	9.03416369089e-06	111.683074758	1.21440707281e-05	111.683074758	9.1891986345e-06	111.683074758	9.43892653716e-06	0.481229150878
111.683074758	9.03416369089e-06	111.683074758	1.16743857595e-05	111.683074758	9.1891986345e-06	111.683074758	9.43892653716e-06	0.514282735456
111.683074758	9.03416369089e-06	111.683074758	1.12244518619e-05	111.683074758	9.1891986345e-06	111.683074758	9.43892653716e-06	0.430660163902
111.683074758	8.8479857821e-06	111.683074758	1.12244518619e-05	111.683074758	9.1891986345e-06	111.683074758	9.43892653716e-06	0.525343561264
113.732948109	8.8479857821e-06	113.732948109	1.12244518619e-05	113.732948109	9.1891986345e-06	113.732948109	9.43892653716e-06	0.514905212587
113.732948109	8.46943928353e-06	113.732948109	1.12244518619e-05	113.732948109	9.1891986345e-06	113.732948109	9.43892653716e-06	0.512607510994
113.732948109	8.46943928353e-06	113.732948109	1.12244518619e-05	113.732948109	9.1891986345e-06	113.732948109	9.36880542027e-06	0.528779274923
113.732948109	8.46943928353e-06	113.732948109	1.06658928009e-05	113.732948109	9.1891986345e-06	113.732948109	9.36880542027e-06	0.506283559797
113.732948109	8.46943928353e-06	113.732948109	1.07359391509e-05	113.732948109	9.1891986345e-06	113.732948109	9.36880542027e-06	0.532512077595
113.732948109	8.05852888344e-06	113.732948109	1.07359391509e-05	113.732948109	9.1891986345e-06	113.732948109	9.36880542027e-06	0.559728337892
113.732948109	8.05852888344e-06	113.732948109	1.07359391509e-05	113.732948109	9.10227785196e-06	113.732948109	9.36880542027e-06	0.54123007392
113.732948109	8.05852888344e-06	113.732948109	1.05872156733e-05	113.732948109	9.10227785196e-06	113.732948109	9.36880542027e-06	0.541141744834
113.732948109	8.05852888344e-06	113.732948109	1.05872156733e-05	113.732948109	9.10227785196e-06	113.732948109	9.21725851063e-06	0.540755665711
113.732948109	8.05852888344e-06	113.732948109	1.00690230882e-05	113.732948109	9.10227785196e-06	113.732948109	9.21725851063e-06	0.566212959093
113.732948109	8.05852888344e-06	113.732948109	1.05248674459e-05	113.732948109	9.10227785196e-06	113.732948109	9.21725851063e-06	0.51880518019
113.732948109	8.05852888344e-06	113.732948109	1.05248674459e-05	113.732948109	9.07262911307e-06	113.732948109	9.21725851063e-06	0.55444005176
113.732948109	8.05852888344e-06	113.732948109	1.03456505204e-05	113.732948109	9.07262911307e-06	113.732948109	9.21725851063e-06	0.555577767479
113.732948109	8.05852888344e-06	113.732948109	1.03456505204e-05	113.732948109	9.07262911307e-06	113.732948109	9.21725851063e-06	0.555577767479
113.732948109	8.05852888344e-06	113.732948109	1.03456505204e-05	113.732948109	8.9323581528e-06	113.732948109	9.21725851063e-06	0.561761920528
113.732948109	8.05852888344e-06	113.732948109	1.07943183847e-05	113.732948109	8.9323581528e-06	113.732948109	9.21725851063e-06	0.590682803051
113.732948109	7.87288874791e-06	113.732948109	1.07943183847e-05	113.732948109	8.9323581528e-06	113.732948109	9.21725851063e-06	0.55116924422
113.732948109	7.48930605046e-06	113.732948109	1.07943183847e-05	113.732948109	8.9323581528e-06	113.732948109	9.21725851063e-06	0.55812869391
113.732948109	7.48930605046e-06	113.732948109	1.07943183847e-05	113.732948109	8.82341480823e-06	113.732948109	9.21725851063e-06	0.557166894802
113.732948109	7.48930605046e-06	113.732948109	1.07943183847e-05	113.732948109	8.82341480823e-06	113.732948109	9.18726840071e-06	0.580121682267
113.732948109	7.48930605046e-06	113.732948109	1.11176532688e-05	113.732948109	8.82341480823e-06	113.732948109	9.18726840071e-06	0.552544798589
113.732948109	7.48930605046e-06	113.732948109	1.11176532688e-05	113.732948109	8.82341480823e-06	113.732948109	9.14137902957e-06	0.533800784632
111.042761113	7.48930605046e-06	111.042761113	1.11176532688e-05	111.042761113	8.82341480823e-06	111.042761113	9.14137902957e-06	0.51265261149
111.042761113	7.48930605046e-06	111.042761113	1.11176532688e-05	111.042761113	8.94173664075e-06	111.042761113	9.14137902957e-06	0.523966172088
111.042761113	7.52826596067e-06	111.042761113	1.11176532688e-05	111.042761113	8.94173664075e-06	111.042761113	9.14137902957e-06	0.534242370793
111.042761113	7.59570007192e-06	111.042761113	1.11176532688e-05	111.042761113	8.94173664075e-06	111.042761113	9.14137902957e-06	0.507733635849
111.042761113	7.59570007192e-06	111.042761113	1.11176532688e-05	111.042761113	8.70383303665e-06	111.042761113	9.14137902957e-06	0.542357588366
111.042761113	7.38368730201e-06	111.042761113	1.11176532688e-05	111.042761113	8.70383303665e-06	111.042761113	9.14137902957e-06	0.473409054208
111.042761113	7.1657733853e-06	111.042761113	1.11176532688e-05	111.042761113	8.70383303665e-06	111.042761113	9.14137902957e-06	0.486524772987
109.619851403	7.1657733853e-06	109.619851403	1.11176532688e-05	109.619851403	8.70383303665e-06	109.619851403	9.14137902957e-06	0.509698275781
109.619851403	7.1657733853e-06	109.619851403	1.11633314293e-05	109.619851403	8.70383303665e-06	109.619851403	9.14137902957e-06	0.448106173554
104.191358399	7.1657733853e-06	104.191358399	1.11633314293e-05	104.191358399	8.70383303665e-06	104.191358399	9.14137902957e-06	0.420115240442
104.191358399	7.1657733853e-06	104.191358399	1.11633314293e-05	104.191358399	8.70383303665e-06	104.191358399	9.22722665434e-06	0.417095650213
104.191358399	7.1657733853e-06	104.191358399	1.11633314293e-05	104.191358399	8.7466890396e-06	104.191358399	9.22722665434e-06	0.450014688394
107.175948026	7.1657733853e-06	107.175948026	1.11633314293e-05	107.175948026	8.7466890396e-06	107.175948026	9.22722665434e-06	0.432656630528
104.479351757	7.1657733853e-06	104.479351757	1.11633314293e-05	104.479351757	8.7466890396e-06	104.479351757	9.22722665434e-06	0.435452153237
104.479351757	7.51484296532e-06	104.479351757	1.11633314293e-05	104.479351757	8.7466890396e-06	104.479351757	9.22722665434e-06	0.408844823989
104.479351757	7.84833034175e-06	104.479351757	1.11633314293e-05	104.479351757	8.7466890396e-06	104.479351757	9.22722665434e-06	0.386193290831
104.479351757	7.84833034175e-06	104.479351757	1.11633314293e-05	104.479351757	8.7466890396e-06	104.479351757	9.25546776302e-06	0.47766529009
104.479351757	7.84833034175e-06	104.479351757	1.11633314293e-05	104.479351757	8.64372498052e-06	104.479351757	9.25546776302e-06	0.396574134837
104.479351757	7.84833034175e-06	104.479351757	1.11633314293e-05	104.479351757	8.64372498052e-06	104.479351757	9.28450464342e-06	0.424534112284
105.831639923	7.84833034175e-06	105.831639923	1.11633314293e-05	105.831639923	8.64372498052e-06	105.831639923	9.28450464342e-06	0.468650985988
105.831639923	7.84833034175e-06	105.831639923	1.11633314293e-05	105.831639923	8.64372498052e-06	105.831639923	9.03939102758e-06	0.462946580301
105.831639923	7.86102762416e-06	105.831639923	1.11633314293e-05	105.831639923	8.64372498052e-06	105.831639923	9.03939102758e-06	0.435178472861
105.831639923	7.86102762416e-06	105.831639923	1.11633314293e-05	105.831639923	8.64372498052e-06	105.831639923	9.1396194659e-06	0.440434174535
105.831639923	7.86102762416e-06	105.831639923	1.06602582794e-05	105.831639923	8.64372498052e-06	105.831639923	9.1396194659e-06	0.462370310343
105.831639923	7.86102762416e-06	105.831639923	1.02736401906e-05	105.831639923	8.64372498052e-06	105.831639923	9.1396194659e-06	0.466439333752
105.831639923	7.86102762416e-06	105.831639923	1.05133697403e-05	105.831639923	8.64372498052e-06	105.831639923	9.1396194659e-06	0.446597038508
104.538305622	7.86102762416e-06	104.538305622	1.05133697403e-05	104.538305622	8.64372498052e-06	104.538305622	9.1396194659e-06	0.461279969791
104.538305622	7.95531458205e-06	104.538305622	1.05133697403e-05	104.538305622	8.64372498052e-06	104.538305622	9.1396194659e-06	0.468862320889
102.438218852	7.95531458205e-06	102.438218852	1.05133697403e-05	102.438218852	8.64372498052e-06	102.438218852	9.1396194659e-06	0.395162332195
102.438218852	7.95531458205e-06	102.438218852	1.05133697403e-05	102.438218852	8.64372498052e-06	102.438218852	9.1396194659e-06	0.395162332195
102.438218852	7.95531458205e-06	102.438218852	1.05133697403e-05	102.438218852	8.64372498052e-06	102.438218852	9.15303167105e-06	0.444179312089
102.438218852	8.32644925878e-06	102.438218852	1.05133697403e-05	102.438218852	8.64372498052e-06	102.438218852	9.15303167105e-06	0.374271484483
102.438218852	8.32644925878e-06	102.438218852	1.08217212292e-05	102.438218852	8.64372498052e-06	102.438218852	9.15303167105e-06	0.377781163967
102.438218852	8.32644925878e-06	102.438218852	1.08217212292e-05	102.438218852	8.64372498052e-06	102.438218852	8.73705067923e-06	0.396460890577
97.4354152294	8.32644925878e-06	97.4354152294	1.08217212292e-05	97.4354152294	8.64372498052e-06	97.4354152294	8.73705067923e-06	0.346407194306
97.4354152294	8.32644925878e-06	97.4354152294	1.08217212292e-05	97.4354152294	8.64372498052e-06	97.4354152294	9.16812624037e-06	0.363077875512
97.4354152294	8.32644925878e-06	97.4354152294	1.08217212292e-05	97.4354152294	8.64372498052e-06	97.4354152294	9.12150468938e-06	0.353662730228
97.654521673	8.32644925878e-06	97.654521673	1.08217212292e-05	97.654521673	8.64372498052e-06	97.654521673	9.12150468938e-06	0.38172979621
97.654521673	8.32644925878e-06	97.654521673	1.08217212292e-05	97.654521673	8.64372498052e-06	97.654521673	9.22299402086e-06	0.284637633193
97.654521673	8.32644925878e-06	97.654521673	1.06756540132e-05	97.654521673	8.64372498052e-06	97.654521673	9.22299402086e-06	0.347463198348
97.654521673	8.47112712358e-06	97.654521673	1.06756540132e-05	97.654521673	8.64372498052e-06	97.654521673	9.22299402086e-06	0.286840458316
97.654521673	8.47112712358e-06	97.654521673	1.06756540132e-05	97.654521673	8.64372498052e-06	97.654521673	9.49302927712e-06	0.364755642021
97.654521673	8.47112712358e-06	97.654521673	1.06756540132e-05	97.654521673	8.64372498052e-06	97.654521673	9.75949679301e-06	0.289797639468
97.654521673	8.47112712358e-06	97.654521673	1.06756540132e-05	97.654521673	8.63680356462e-06	97.654521673	9.75949679301e-06	0.32274670643
97.654521673	8.47112712358e-06	97.654521673	1.06152774543e-05	97.654521673	8.63680356462e-06	97.654521673	9.75949679301e-06	0.345141806989
97.654521673	8.60344492061e-06	97.654521673	1.06152774543e-05	97.654521673	8.63680356462e-06	97.654521673	9.75949679301e-06	0.350131946079
97.654521673	8.60344492061e-06	97.654521673	1.06152774543e-05	97.654521673	8.45909431804e-06	97.654521673	9.75949679301e-06	0.328681203576
100.630812809	8.60344492061e-06	100.630812809	1.06152774543e-05	100.630812809	8.45909431804e-06	100.630812809	9.75949679301e-06	0.407496679056
105.488911016	8.60344492061e-06	105.488911016	1.06152774543e-05	105.488911016	8.45909431804e-06	105.488911016	9.75949679301e-06	0.4308642717
105.488911016	8.60344492061e-06	105.488911016	1.06152774543e-05	105.488911016	8.46977356564e-06	105.488911016	9.75949679301e-06	0.390806305022
105.488911016	8.60344492061e-06	105.488911016	1.06152774543e-05	105.488911016	8.61113874345e-06	105.488911016	9.75949679301e-06	0.452746074889
105.488911016	8.60344492061e-06	105.488911016	1.06152774543e-05	105.488911016	8.61113874345e-06	105.488911016	9.64550079554e-06	0.40941018192
105.488911016	8.60344492061e-06	105.488911016	1.03887298527e-05	105.488911016	8.61113874345e-06	105.488911016	9.64550079554e-06	0.489546687586
105.488911016	8.60344492061e-06	105.488911016	1.07969350749e-05	105.488911016	8.61113874345e-06	105.488911016	9.64550079554e-06	0.364751251503
108.236515519	8.60344492061e-06	108.236515519	1.07969350749e-05	108.236515519	8.61113874345e-06	108.236515519	9.64550079554e-06	0.466413362917
113.639560463	8.60344492061e-06	113.639560463	1.07969350749e-05	113.639560463	8.61113874345e-06	113.639560463	9.64550079554e-06	0.541088100101
113.639560463	8.60344492061e-06	113.639560463	1.06270952485e-05	113.639560463	8.61113874345e-06	113.639560463	9.64550079554e-06	0.478318237998
113.639560463	8.60344492061e-06	113.639560463	1.06270952485e-05	113.639560463	8.42304607874e-06	113.639560463	9.64550079554e-06	0.539719378718
116.912019757	8.60344492061e-06	116.912019757	1.06270952485e-05	116.912019757	8.42304607874e-06	116.912019757	9.64550079554e-06	0.551401987724
115.467891159	8.60344492061e-06	115.467891159	1.06270952485e-05	115.467891159	8.42304607874e-06	115.467891159	9.64550079554e-06	0.539068456818
115.467891159	8.60344492061e-06	115.467891159	1.06270952485e-05	115.467891159	8.28789210316e-06	115.467891159	9.64550079554e-06	0.569788220073
115.467891159	8.60344492061e-06	115.467891159	1.06270952485e-05	115.467891159	8.2135131164e-06	115.467891159	9.64550079554e-06	0.521355871151
114.161543175	8.60344492061e-06	114.161543175	1.06270952485e-05	114.161543175	8.2135131164e-06	114.161543175	9.64550079554e-06	0.547121988664
114.161543175	8.29482792328e-06	114.161543175	1.06270952485e-05	114.161543175	8.2135131164e-06	114.161543175	9.64550079554e-06	0.609766201707
114.161543175	8.29482792328e-06	114.161543175	1.06270952485e-05	114.161543175	8.2135131164e-06	114.161543175	9.51927258822e-06	0.557543496319
114.161543175	8.29482792328e-06	114.161543175	1.06270952485e-05	114.161543175	8.2135131164e-06	114.161543175	9.96769168594e-06	0.53710783932
114.161543175	7.88067071888e-06	114.161543175	1.06270952485e-05	114.161543175	8.2135131164e-06	114.161543175	9.96769168594e-06	0.585245244983
114.161543175	7.88067071888e-06	114.161543175	1.06270952485e-05	114.161543175	8.23344510081e-06	114.161543175	9.96769168594e-06	0.58921780297
114.161543175	7.78395721362e-06	114.161543175	1.06270952485e-05	114.161543175	8.23344510081e-06	114.161543175	9.96769168594e-06	0.609541964601
108.555978161	7.78395721362e-06	108.555978161	1.06270952485e-05	108.555978161	8.23344510081e-06	108.555978161	9.96769168594e-06	0.482038334667
104.869767733	7.78395721362e-06	104.869767733	1.06270952485e-05	104.869767733	8.23344510081e-06	104.869767733	9.96769168594e-06	0.421690723128
104.869767733	7.78395721362e-06	104.869767733	1.06270952485e-05	104.869767733	7.87276454356e-06	104.869767733	9.96769168594e-06	0.39133315163
104.869767733	7.78395721362e-06	104.869767733	1.06270952485e-05	104.869767733	8.0598538493e-06	104.869767733	9.96769168594e-06	0.493282554739
104.869767733	7.78395721362e-06	104.869767733	1.0509132178e-05	104.869767733	8.0598538493e-06	104.869767733	9.96769168594e-06	0.41940672574
104.869767733	7.78395721362e-06	104.869767733	1.0509132178e-05	104.869767733	8.0598538493e-06	104.869767733	1.00972750722e-05	0.449310345567
105.549557195	7.78395721362e-06	105.549557195	1.0509132178e-05	105.549557195	8.0598538493e-06	105.549557195	1.00972750722e-05	0.433952653395
105.549557195	7.43025242722e-06	105.549557195	1.0509132178e-05	105.549557195	8.0598538493e-06	105.549557195	1.00972750722e-05	0.428698805069
105.549557195	7.43025242722e-06	105.549557195	1.0509132178e-05	105.549557195	7.91781062563e-06	105.549557195	1.00972750722e-05	0.419771285131
105.549557195	7.43025242722e-06	105.549557195	1.0509132178e-05	105.549557195	7.91781062563e-06	105.549557195	9.81488513743e-06	0.4451569909
105.564041299	7.43025242722e-06	105.564041299	1.0509132178e-05	105.564041299	7.91781062563e-06	105.564041299	9.81488513743e-06	0.431097079901
105.564041299	7.43025242722e-06	105.564041299	1.0509132178e-05	105.564041299	7.54149007344e-06	105.564041299	9.81488513743e-06	0.440456566991
105.564041299	7.10885662809e-06	105.564041299	1.0509132178e-05	105.564041299	7.54149007344e-06	105.564041299	9.81488513743e-06	0.484965949347
105.564041299	7.10885662809e-06	105.564041299	1.01491650518e-05	105.564041299	7.54149007344e-06	105.564041299	9.81488513743e-06	0.432628646948
105.564041299	7.10885662809e-06	105.564041299	1.03382963595e-05	105.564041299	7.54149007344e-06	105.564041299	9.81488513743e-06	0.488724652337
105.564041299	7.10885662809e-06	105.564041299	1.00423175301e-05	105.564041299	7.54149007344e-06	105.564041299	9.81488513743e-06	0.474892461559
105.564041299	7.10885662809e-06	105.564041299	1.00211508007e-05	105.564041299	7.54149007344e-06	105.564041299	9.81488513743e-06	0.471832105984
105.564041299	7.10885662809e-06	105.564041299	1.00211508007e-05	105.564041299	7.48023893443e-06	105.564041299	9.81488513743e-06	0.48731645093
105.564041299	7.10885662809e-06	105.564041299	1.00211508007e-05	105.564041299	7.48023893443e-06	105.564041299	9.42583711878e-06	0.48974058872
105.564041299	7.24876770956e-06	105.564041299	1.00211508007e-05	105.564041299	7.48023893443e-06	105.564041299	9.42583711878e-06	0.492454675087
105.564041299	7.24876770956e-06	105.564041299	9.66863626849e-06	105.564041299	7.48023893443e-06	105.564041299	9.42583711878e-06	0.485729648929
105.564041299	7.24876770956e-06	105.564041299	9.23191587111e-06	105.564041299	7.48023893443e-06	105.564041299	9.42583711878e-06	0.482408348854
105.564041299	7.24876770956e-06	105.564041299	9.23191587111e-06	105.564041299	7.48023893443e-06	105.564041299	9.0454296708e-06	0.540621173027
105.564041299	7.24876770956e-06	105.564041299	9.23191587111e-06	105.564041299	7.48023893443e-06	105.564041299	9.27229701265e-06	0.45386456881
105.564041299	7.24876770956e-06	105.564041299	9.23191587111e-06	105.564041299	7.23358337233e-06	105.564041299	9.27229701265e-06	0.474807047657
105.564041299	7.24876770956e-06	105.564041299	8.88512076622e-06	105.564041299	7.23358337233e-06	105.564041299	9.27229701265e-06	0.51420716151
105.564041299	7.08642948918e-06	105.564041299	8.88512076622e-06	105.564041299	7.23358337233e-06	105.564041299	9.27229701265e-06	0.508350060771
105.564041299	7.08642948918e-06	105.564041299	8.88512076622e-06	105.564041299	7.23358337233e-06	105.564041299	9.27229701265e-06	0.508350060771
105.564041299	7.23582624012e-06	105.564041299	8.88512076622e-06	105.564041299	7.23358337233e-06	105.564041299	9.27229701265e-06	0.493108156067
105.564041299	7.09307217995e-06	105.564041299	8.88512076622e-06	105.564041299	7.23358337233e-06	105.564041299	9.27229701265e-06	0.506230620631
105.564041299	7.09307217995e-06	105.564041299	8.88512076622e-06	105.564041299	7.23358337233e-06	105.564041299	9.07588081513e-06	0.538781930185
105.564041299	7.09307217995e-06	105.564041299	8.88512076622e-06	105.564041299	7.34490132203e-06	105.564041299	9.07588081513e-06	0.487776772405
100.525496429	7.09307217995e-06	100.525496429	8.88512076622e-06	100.525496429	7.34490132203e-06	100.525496429	9.07588081513e-06	0.39769680914
99.078322318	7.09307217995e-06	99.078322318	8.88512076622e-06	99.078322318	7.34490132203e-06	99.078322318	9.07588081513e-06	0.445299071799
99.5547716293	7.09307217995e-06	99.5547716293	8.88512076622e-06	99.5547716293	7.34490132203e-06	99.5547716293	9.07588081513e-06	0.424912641219
99.5547716293	7.09307217995e-06	99.5547716293	8.88512076622e-06	99.5547716293	7.25203196363e-06	99.5547716293	9.07588081513e-06	0.463938511876
99.5547716293	7.09307217995e-06	99.5547716293	9.14532093124e-06	99.5547716293	7.25203196363e-06	99.5547716293	9.07588081513e-06	0.430210812046
98.0730495985	7.09307217995e-06	98.0730495985	9.14532093124e-06	98.0730495985	7.25203196363e-06	98.0730495985	9.07588081513e-06	0.410758493437
98.0730495985	7.09307217995e-06	98.0730495985	9.14532093124e-06	98.0730495985	7.25203196363e-06	98.0730495985	8.97397918194e-06	0.396551766596
98.0730495985	7.09307217995e-06	98.0730495985	9.14532093124e-06	98.0730495985	7.25203196363e-06	98.0730495985	8.55371749656e-06	0.437543716138
96.0013830693	7.09307217995e-06	96.0013830693	9.14532093124e-06	96.0013830693	7.25203196363e-06	96.0013830693	8.55371749656e-06	0.359123287079
92.054467947	7.09307217995e-06	92.054467947	9.14532093124e-06	92.054467947	7.25203196363e-06	92.054467947	8.55371749656e-06	0.355255294934
89.8523043596	7.09307217995e-06	89.8523043596	9.14532093124e-06	89.8523043596	7.25203196363e-06	89.8523043596	8.55371749656e-06	0.332633296059
89.8523043596	6.80258869122e-06	89.8523043596	9.14532093124e-06	89.8523043596	7.25203196363e-06	89.8523043596	8.55371749656e-06	0.370295468751
86.819144982	6.80258869122e-06	86.819144982	9.14532093124e-06	86.819144982	7.25203196363e-06	86.819144982	8.55371749656e-06	0.32215537958
86.819144982	6.80258869122e-06	86.819144982	9.14532093124e-06	86.819144982	7.25203196363e-06	86.819144982	8.25477018982e-06	0.254680207025
86.819144982	6.80258869122e-06	86.819144982	9.14532093124e-06	86.819144982	6.90136710314e-06	86.819144982	8.25477018982e-06	0.335683268999
86.819144982	6.80258869122e-06	86.819144982	9.14532093124e-06	86.819144982	6.90136710314e-06	86.819144982	8.23021138244e-06	0.326830752815
86.819144982	6.80258869122e-06	86.819144982	9.14532093124e-06	86.819144982	6.90136710314e-06	86.819144982	8.54072800999e-06	0.29076027575
86.819144982	6.80258869122e-06	86.819144982	8.94755904813e-06	86.819144982	6.90136710314e-06	86.819144982	8.54072800999e-06	0.297469303485
86.819144982	6.80258869122e-06	86.819144982	8.94755904813e-06	86.819144982	6.90136710314e-06	86.819144982	8.48815739507e-06	0.338615986545
86.819144982	6.80258869122e-06	86.819144982	8.94755904813e-06	86.819144982	7.14429925538e-06	86.819144982	8.48815739507e-06	0.318395066565
86.819144982	6.80258869122e-06	86.819144982	8.94755904813e-06	86.819144982	7.42258268867e-06	86.819144982	8.48815739507e-06	0.288076821053
87.9468402323	6.80258869122e-06	87.9468402323	8.94755904813e-06	87.9468402323	7.42258268867e-06	87.9468402323	8.48815739507e-06	0.31693469347
91.0961278873	6.80258869122e-06	91.0961278873	8.94755904813e-06	91.0961278873	7.42258268867e-06	91.0961278873	8.48815739507e-06	0.323845997843
91.0961278873	6.8058785256e-06	91.0961278873	8.94755904813e-06	91.0961278873	7.42258268867e-06	91.0961278873	8.48815739507e-06	0.338240513436
91.0961278873	6.8058785256e-06	91.0961278873	9.08855391321e-06	91.0961278873	7.42258268867e-06	91.0961278873	8.48815739507e-06	0.314660286813
95.056045549	6.8058785256e-06	95.056045549	9.08855391321e-06	95.056045549	7.42258268867e-06	95.056045549	8.48815739507e-06	0.368672608156
95.056045549	6.8058785256e-06	95.056045549	9.08855391321e-06	95.056045549	7.42258268867e-06	95.056045549	8.4818529311e-06	0.355512373059
95.056045549	6.8058785256e-06	95.056045549	8.84699657226e-06	95.056045549	7.42258268867e-06	95.056045549	8.4818529311e-06	0.406072869448
95.056045549	6.8058785256e-06	95.056045549	8.84699657226e-06	95.056045549	7.42258268867e-06	95.056045549	8.48422390633e-06	0.412716012514
95.056045549	6.8058785256e-06	95.056045549	8.84699657226e-06	95.056045549	7.17271766133e-06	95.056045549	8.48422390633e-06	0.429653898014
95.056045549	6.8058785256e-06	95.056045549	8.84699657226e-06	95.056045549	7.42699892687e-06	95.056045549	8.48422390633e-06	0.39719870755
95.056045549	6.62552319741e-06	95.056045549	8.84699657226e-06	95.056045549	7.42699892687e-06	95.056045549	8.48422390633e-06	0.356279955781
95.056045549	6.45097671263e-06	95.056045549	8.84699657226e-06	95.056045549	7.42699892687e-06	95.056045549	8.48422390633e-06	0.393543692523
95.8488454233	6.45097671263e-06	95.8488454233	8.84699657226e-06	95.8488454233	7.42699892687e-06	95.8488454233	8.48422390633e-06	0.422827530504
95.8488454233	6.45097671263e-06	95.8488454233	8.84699657226e-06	95.8488454233	7.42699892687e-06	95.8488454233	8.47941645711e-06	0.401982686633
95.8488454233	6.45097671263e-06	95.8488454233	8.9384268281e-06	95.8488454233	7.42699892687e-06	95.8488454233	8.47941645711e-06	0.378534845343
95.8488454233	6.45097671263e-06	95.8488454233	8.9384268281e-06	95.8488454233	7.42699892687e-06	95.8488454233	8.51265144909e-06	0.342521965788
95.8488454233	6.45097671263e-06	95.8488454233	8.96863726435e-06	95.8488454233	7.42699892687e-06	95.8488454233	8.51265144909e-06	0.401441977459
95.8488454233	6.45097671263e-06	95.8488454233	8.96863726435e-06	95.8488454233	7.17660503418e-06	95.8488454233	8.51265144909e-06	0.405400653418
95.8488454233	6.45097671263e-06	95.8488454233	8.94454532536e-06	95.8488454233	7.17660503418e-06	95.8488454233	8.51265144909e-06	0.427658766638
95.8488454233	6.31240790968e-06	95.8488454233	8.94454532536e-06	95.8488454233	7.17660503418e-06	95.8488454233	8.51265144909e-06	0.433768519333
95.8488454233	6.31240790968e-06	95.8488454233	8.91351043358e-06	95.8488454233	7.17660503418e-06	95.8488454233	8.51265144909e-06	0.454015832897
95.8488454233	6.62411694412e-06	95.8488454233	8.91351043358e-06	95.8488454233	7.17660503418e-06	95.8488454233	8.51265144909e-06	0.420351528074
95.8488454233	6.62411694412e-06	95.8488454233	8.91351043358e-06	95.8488454233	7.29878607933e-06	95.8488454233	8.51265144909e-06	0.421631173793
95.8488454233	6.62411694412e-06	95.8488454233	8.91351043358e-06	95.8488454233	7.11596681703e-06	95.8488454233	8.51265144909e-06	0.384638725838
95.8488454233	6.83291987186e-06	95.8488454233	8.91351043358e-06	95.8488454233	7.11596681703e-06	95.8488454233	8.51265144909e-06	0.434489961288
95.8488454233	6.83291987186e-06	95.8488454233	8.86997795581e-06	95.8488454233	7.11596681703e-06	95.8488454233	8.51265144909e-06	0.435556898871
95.8488454233	6.99198119542e-06	95.8488454233	8.86997795581e-06	95.8488454233	7.11596681703e-06	95.8488454233	8.51265144909e-06	0.423665751892
95.8488454233	6.99198119542e-06	95.8488454233	8.86997795581e-06	95.8488454233	7.46053917157e-06	95.8488454233	8.51265144909e-06	0.406674361538
95.8488454233	6.99198119542e-06	95.8488454233	8.86997795581e-06	95.8488454233	7.46053917157e-06	95.8488454233	8.15174967787e-06	0.419783963744
95.8488454233	6.99198119542e-06	95.8488454233	8.50084466563e-06	95.8488454233	7.46053917157e-06	95.8488454233	8.15174967787e-06	0.374212252097
95.8488454233	6.99198119542e-06	95.8488454233	8.50084466563e-06	95.8488454233	7.39395595567e-06	95.8488454233	8.15174967787e-06	0.501933856514
97.014499098	6.99198119542e-06	97.014499098	8.50084466563e-06	97.014499098	7.39395595567e-06	97.014499098	8.15174967787e-06	0.442634188324
97.014499098	6.99198119542e-06	97.014499098	8.50084466563e-06	97.014499098	7.39395595567e-06	97.014499098	7.98199876674e-06	0.43926637104
97.014499098	6.92537953965e-06	97.014499098	8.50084466563e-06	97.014499098	7.39395595567e-06	97.014499098	7.98199876674e-06	0.405284076639
97.014499098	6.86540332875e-06	97.014499098	8.50084466563e-06	97.014499098	7.39395595567e-06	97.014499098	7.98199876674e-06	0.431153550249
97.014499098	6.86540332875e-06	97.014499098	8.50084466563e-06	97.014499098	7.39395595567e-06	97.014499098	8.3407538867e-06	0.417618331153
97.014499098	6.86540332875e-06	97.014499098	8.50084466563e-06	97.014499098	7.39395595567e-06	97.014499098	8.59225863995e-06	0.436067150706
97.014499098	6.86540332875e-06	97.014499098	8.50084466563e-06	97.014499098	7.41273652255e-06	97.014499098	8.59225863995e-06	0.401222751601
97.014499098	7.04612934634e-06	97.014499098	8.50084466563e-06	97.014499098	7.41273652255e-06	97.014499098	8.59225863995e-06	0.378589953314
97.014499098	7.23834318401e-06	97.014499098	8.50084466563e-06	97.014499098	7.41273652255e-06	97.014499098	8.59225863995e-06	0.450534323013
97.014499098	7.26990790844e-06	97.014499098	8.50084466563e-06	97.014499098	7.41273652255e-06	97.014499098	8.59225863995e-06	0.378762653547
97.014499098	7.26990790844e-06	97.014499098	8.50084466563e-06	97.014499098	7.74655766425e-06	97.014499098	8.59225863995e-06	0.412886227843
97.014499098	7.14705353318e-06	97.014499098	8.50084466563e-06	97.014499098	7.74655766425e-06	97.014499098	8.59225863995e-06	0.419673421696
97.014499098	7.14705353318e-06	97.014499098	8.46014047546e-06	97.014499098	7.74655766425e-06	97.014499098	8.59225863995e-06	0.405151441674
97.014499098	7.14705353318e-06	97.014499098	8.46014047546e-06	97.014499098	7.74655766425e-06	97.014499098	8.88581695101e-06	0.423963220553
97.014499098	7.14705353318e-06	97.014499098	8.46014047546e-06	97.014499098	7.74655766425e-06	97.014499098	9.2748225041e-06	0.429358645224
97.014499098	7.14705353318e-06	97.014499098	8.46014047546e-06	97.014499098	8.10106540353e-06	97.014499098	9.2748225041e-06	0.457336175431
97.014499098	7.43864540689e-06	97.014499098	8.46014047546e-06	97.014499098	8.10106540353e-06	97.014499098	9.2748225041e-06	0.385102655059
92.4502538029	7.43864540689e-06	92.4502538029	8.46014047546e-06	92.4502538029	8.10106540353e-06	92.4502538029	9.2748225041e-06	0.316264045874
92.0995652222	7.43864540689e-06	92.0995652222	8.46014047546e-06	92.0995652222	8.10106540353e-06	92.0995652222	9.2748225041e-06	0.333409246723
92.0995652222	7.43864540689e-06	92.0995652222	8.10303482684e-06	92.0995652222	8.10106540353e-06	92.0995652222	9.2748225041e-06	0.355580883836
92.0995652222	7.43864540689e-06	92.0995652222	8.10303482684e-06	92.0995652222	7.97591656754e-06	92.0995652222	9.2748225041e-06	0.341465378907
88.911135854	7.43864540689e-06	88.911135854	8.10303482684e-06	88.911135854	7.97591656754e-06	88.911135854	9.2748225041e-06	0.347267146178
87.5858529283	7.43864540689e-06	87.5858529283	8.10303482684e-06	87.5858529283	7.97591656754e-06	87.5858529283	9.2748225041e-06	0.273218089632
91.7058268882	7.43864540689e-06	91.7058268882	8.10303482684e-06	91.7058268882	7.97591656754e-06	91.7058268882	9.2748225041e-06	0.299348520039
91.7058268882	7.43864540689e-06	91.7058268882	8.01063766845e-06	91.7058268882	7.97591656754e-06	91.7058268882	9.2748225041e-06	0.343241951193
91.7058268882	7.43864540689e-06	91.7058268882	7.79711905706e-06	91.7058268882	7.97591656754e-06	91.7058268882	9.2748225041e-06	0.341620502934
91.7058268882	7.43864540689e-06	91.7058268882	7.79711905706e-06	91.7058268882	8.27652573378e-06	91.7058268882	9.2748225041e-06	0.319348506312
91.7058268882	7.43864540689e-06	91.7058268882	7.79711905706e-06	91.7058268882	8.25609059177e-06	91.7058268882	9.2748225041e-06	0.306392763909
90.8561545094	7.43864540689e-06	90.8561545094	7.79711905706e-06	90.8561545094	8.25609059177e-06	90.8561545094	9.2748225041e-06	0.347902310735
90.8561545094	7.43864540689e-06	90.8561545094	7.96640135928e-06	90.8561545094	8.25609059177e-06	90.8561545094	9.2748225041e-06	0.332431213524
90.8561545094	7.55082202851e-06	90.8561545094	7.96640135928e-06	90.8561545094	8.25609059177e-06	90.8561545094	9.2748225041e-06	0.35044601478
90.8561545094	7.55082202851e-06	90.8561545094	7.96640135928e-06	90.8561545094	8.5035203993e-06	90.8561545094	9.2748225041e-06	0.291556198703
90.8561545094	7.19118518051e-06	90.8561545094	7.96640135928e-06	90.8561545094	8.5035203993e-06	90.8561545094	9.2748225041e-06	0.322127772705
90.8561545094	7.19118518051e-06	90.8561545094	8.19767549462e-06	90.8561545094	8.5035203993e-06	90.8561545094	9.2748225041e-06	0.328870349013
90.8561545094	7.19118518051e-06	90.8561545094	8.19767549462e-06	90.8561545094	8.35013554105e-06	90.8561545094	9.2748225041e-06	0.283481275812
90.8561545094	7.41392887586e-06	90.8561545094	8.19767549462e-06	90.8561545094	8.35013554105e-06	90.8561545094	9.2748225041e-06	0.380028330516
90.8561545094	7.41392887586e-06	90.8561545094	8.19767549462e-06	90.8561545094	8.35013554105e-06	90.8561545094	9.63929087066e-06	0.352571166009
90.8561545094	7.41392887586e-06	90.8561545094	8.19767549462e-06	90.8561545094	8.35013554105e-06	90.8561545094	9.97577310552e-06	0.348132877885
88.5949975334	7.41392887586e-06	88.5949975334	8.19767549462e-06	88.5949975334	8.35013554105e-06	88.5949975334	9.97577310552e-06	0.28849005513
88.5949975334	7.41392887586e-06	88.5949975334	8.2237843383e-06	88.5949975334	8.35013554105e-06	88.5949975334	9.97577310552e-06	0.259655610631
88.5949975334	7.41392887586e-06	88.5949975334	8.46172480003e-06	88.5949975334	8.35013554105e-06	88.5949975334	9.97577310552e-06	0.265642640009
88.5949975334	7.41392887586e-06	88.5949975334	8.46172480003e-06	88.5949975334	8.08137118273e-06	88.5949975334	9.97577310552e-06	0.307514396062
88.5949975334	7.41392887586e-06	88.5949975334	8.46172480003e-06	88.5949975334	7.67809201933e-06	88.5949975334	9.97577310552e-06	0.312354490901
88.5949975334	7.41392887586e-06	88.5949975334	8.46172480003e-06	88.5949975334	7.67809201933e-06	88.5949975334	1.04425050813e-05	0.325608881999
88.5949975334	7.41392887586e-06	88.5949975334	8.46172480003e-06	88.5949975334	7.4915993946e-06	88.5949975334	1.04425050813e-05	0.296004171774
88.5949975334	7.41392887586e-06	88.5949975334	8.46172480003e-06	88.5949975334	7.4915993946e-06	88.5949975334	1.02998351902e-05	0.302198314808
88.5949975334	7.3866236299e-06	88.5949975334	8.46172480003e-06	88.5949975334	7.4915993946e-06	88.5949975334	1.02998351902e-05	0.298565370749
88.5949975334	7.30430269505e-06	88.5949975334	8.46172480003e-06	88.5949975334	7.4915993946e-06	88.5949975334	1.02998351902e-05	0.301891255445
88.5949975334	7.52613524909e-06	88.5949975334	8.46172480003e-06	88.5949975334	7.4915993946e-06	88.5949975334	1.02998351902e-05	0.320878822133
88.5949975334	7.52613524909e-06	88.5949975334	8.46172480003e-06	88.5949975334	7.4915993946e-06	88.5949975334	1.07943830478e-05	0.30730562288
88.5949975334	7.52613524909e-06	88.5949975334	8.46172480003e-06	88.5949975334	7.4915993946e-06	88.5949975334	1.03531089062e-05	0.339143938971
88.5949975334	7.52613524909e-06	88.5949975334	8.46172480003e-06	88.5949975334	7.85999809185e-06	88.5949975334	1.03531089062e-05	0.349936933961
85.4067644741	7.52613524909e-06	85.4067644741	8.46172480003e-06	85.4067644741	7.85999809185e-06	85.4067644741	1.03531089062e-05	0.267159491793
85.4067644741	7.52613524909e-06	85.4067644741	8.04282074948e-06	85.4067644741	7.85999809185e-06	85.4067644741	1.03531089062e-05	0.332843642659
85.4067644741	7.40471799419e-06	85.4067644741	8.04282074948e-06	85.4067644741	7.85999809185e-06	85.4067644741	1.03531089062e-05	0.293707323552
85.4067644741	7.40471799419e-06	85.4067644741	8.25911417436e-06	85.4067644741	7.85999809185e-06	85.4067644741	1.03531089062e-05	0.308174481853
85.4067644741	7.34021830745e-06	85.4067644741	8.25911417436e-06	85.4067644741	7.85999809185e-06	85.4067644741	1.03531089062e-05	0.320795800591
85.4067644741	7.34021830745e-06	85.4067644741	8.25911417436e-06	85.4067644741	7.85999809185e-06	85.4067644741	1.08057909077e-05	0.295257607713
85.4067644741	7.25115107804e-06	85.4067644741	8.25911417436e-06	85.4067644741	7.85999809185e-06	85.4067644741	1.08057909077e-05	0.286796816108
85.4067644741	7.25115107804e-06	85.4067644741	8.15719732253e-06	85.4067644741	7.85999809185e-06	85.4067644741	1.08057909077e-05	0.282102720375
85.4067644741	7.25115107804e-06	85.4067644741	8.15719732253e-06	85.4067644741	7.85999809185e-06	85.4067644741	1.04360771803e-05	0.279008413919
85.1639750682	7.25115107804e-06	85.1639750682	8.15719732253e-06	85.1639750682	7.85999809185e-06	85.1639750682	1.04360771803e-05	0.248098402133
85.1639750682	7.25115107804e-06	85.1639750682	8.15719732253e-06	85.1639750682	7.85999809185e-06	85.1639750682	1.07210235172e-05	0.292236760008
85.1639750682	7.25115107804e-06	85.1639750682	8.15719732253e-06	85.1639750682	7.85999809185e-06	85.1639750682	1.07841616503e-05	0.310182319413
85.1639750682	7.11881637106e-06	85.1639750682	8.15719732253e-06	85.1639750682	7.85999809185e-06	85.1639750682	1.07841616503e-05	0.30876162315
85.1639750682	7.11881637106e-06	85.1639750682	8.15719732253e-06	85.1639750682	7.85999809185e-06	85.1639750682	1.11078670941e-05	0.309331032028
85.1639750682	7.11881637106e-06	85.1639750682	8.15719732253e-06	85.1639750682	7.85999809185e-06	85.1639750682	1.11743594486e-05	0.285225250651
85.1639750682	7.11881637106e-06	85.1639750682	8.15719732253e-06	85.1639750682	7.85999809185e-06	85.1639750682	1.11871498565e-05	0.296154921083
85.6310399664	7.11881637106e-06	85.6310399664	8.15719732253e-06	85.6310399664	7.85999809185e-06	85.6310399664	1.11871498565e-05	0.316185893626
85.6310399664	7.11881637106e-06	85.6310399664	8.15719732253e-06	85.6310399664	7.66734819984e-06	85.6310399664	1.11871498565e-05	0.293445436372
87.9282729097	7.11881637106e-06	87.9282729097	8.15719732253e-06	87.9282729097	7.66734819984e-06	87.9282729097	1.11871498565e-05	0.335168511934
87.9282729097	7.11435654776e-06	87.9282729097	8.15719732253e-06	87.9282729097	7.66734819984e-06	87.9282729097	1.11871498565e-05	0.329311689808
87.9282729097	7.11435654776e-06	87.9282729097	8.15719732253e-06	87.9282729097	7.42652419453e-06	87.9282729097	1.11871498565e-05	0.292403226083
87.9282729097	7.11435654776e-06	87.9282729097	8.15719732253e-06	87.9282729097	7.42652419453e-06	87.9282729097	1.1483745275e-05	0.335914350255
87.9282729097	7.11435654776e-06	87.9282729097	8.44547014376e-06	87.9282729097	7.42652419453e-06	87.9282729097	1.1483745275e-05	0.294229328597
87.9282729097	7.11435654776e-06	87.9282729097	8.44547014376e-06	87.9282729097	7.42652419453e-06	87.9282729097	1.10201415512e-05	0.303092250966
87.9282729097	7.11435654776e-06	87.9282729097	8.44547014376e-06	87.9282729097	7.42652419453e-06	87.9282729097	1.13624782719e-05	0.313728294112
87.9282729097	7.11435654776e-06	87.9282729097	8.43610257524e-06	87.9282729097	7.42652419453e-06	87.9282729097	1.13624782719e-05	0.298839739146
87.9282729097	7.11435654776e-06	87.9282729097	8.02654217332e-06	87.9282729097	7.42652419453e-06	87.9282729097	1.13624782719e-05	0.290812018289
87.9282729097	6.87333949648e-06	87.9282729097	8.02654217332e-06	87.9282729097	7.42652419453e-06	87.9282729097	1.13624782719e-05	0.328674927717
91.3193256106	6.87333949648e-06	91.3193256106	8.02654217332e-06	91.3193256106	7.42652419453e-06	91.3193256106	1.13624782719e-05	0.345176703013
91.3193256106	6.87333949648e-06	91.3193256106	8.02654217332e-06	91.3193256106	7.79781131291e-06	91.3193256106	1.13624782719e-05	0.323708704077
95.113454564	6.87333949648e-06	95.113454564	8.02654217332e-06	95.113454564	7.79781131291e-06	95.113454564	1.13624782719e-05	0.398070083227
96.2360410853	6.87333949648e-06	96.2360410853	8.02654217332e-06	96.2360410853	7.79781131291e-06	96.2360410853	1.13624782719e-05	0.359967291846
96.2360410853	6.87333949648e-06	96.2360410853	8.02654217332e-06	96.2360410853	7.79781131291e-06	96.2360410853	1.08199304302e-05	0.388755199476
96.2360410853	6.87333949648e-06	96.2360410853	8.02654217332e-06	96.2360410853	7.79781131291e-06	96.2360410853	1.09313111494e-05	0.343123118683
96.2360410853	6.87333949648e-06	96.2360410853	8.02654217332e-06	96.2360410853	7.79781131291e-06	96.2360410853	1.04888737085e-05	0.340562112205
96.2360410853	6.87333949648e-06	96.2360410853	8.02654217332e-06	96.2360410853	7.74138047653e-06	96.2360410853	1.04888737085e-05	0.410832708311
91.9079866254	6.87333949648e-06	91.9079866254	8.02654217332e-06	91.9079866254	7.74138047653e-06	91.9079866254	1.04888737085e-05	0.327657096444
91.9079866254	6.87333949648e-06	91.9079866254	8.02654217332e-06	91.9079866254	7.75897818244e-06	91.9079866254	1.04888737085e-05	0.274179439364
91.9079866254	6.87333949648e-06	91.9079866254	8.35181401006e-06	91.9079866254	7.75897818244e-06	91.9079866254	1.04888737085e-05	0.334714125688
91.9079866254	6.67886733869e-06	91.9079866254	8.35181401006e-06	91.9079866254	7.75897818244e-06	91.9079866254	1.04888737085e-05	0.32716826439
91.9079866254	6.92624327882e-06	91.9079866254	8.35181401006e-06	91.9079866254	7.75897818244e-06	91.9079866254	1.04888737085e-05	0.339644880041
91.9079866254	7.03495006085e-06	91.9079866254	8.35181401006e-06	91.9079866254	7.75897818244e-06	91.9079866254	1.04888737085e-05	0.306720782443
91.1979178616	7.03495006085e-06	91.1979178616	8.35181401006e-06	91.1979178616	7.75897818244e-06	91.1979178616	1.04888737085e-05	0.307765836036
91.1979178616	7.03495006085e-06	91.1979178616	8.24091182016e-06	91.1979178616	7.75897818244e-06	91.1979178616	1.04888737085e-05	0.282275607668
91.1979178616	7.03495006085e-06	91.1979178616	8.24091182016e-06	91.1979178616	7.75639987541e-06	91.1979178616	1.04888737085e-05	0.327272355931
91.4442975268	7.03495006085e-06	91.4442975268	8.24091182016e-06	91.4442975268	7.75639987541e-06	91.4442975268	1.04888737085e-05	0.321473255295
91.4442975268	7.03495006085e-06	91.4442975268	8.46694341069e-06	91.4442975268	7.75639987541e-06	91.4442975268	1.04888737085e-05	0.330072949784
91.4442975268	7.35183717162e-06	91.4442975268	8.46694341069e-06	91.4442975268	7.75639987541e-06	91.4442975268	1.04888737085e-05	0.312390944607
91.4442975268	7.35183717162e-06	91.4442975268	8.35251450833e-06	91.4442975268	7.75639987541e-06	91.4442975268	1.04888737085e-05	0.294037785881
91.4442975268	7.35183717162e-06	91.4442975268	8.35251450833e-06	91.4442975268	7.81493049937e-06	91.4442975268	1.04888737085e-05	0.292385725686
91.4442975268	7.35183717162e-06	91.4442975268	8.35251450833e-06	91.4442975268	7.93975919129e-06	91.4442975268	1.04888737085e-05	0.316556595085
87.7260261285	7.35183717162e-06	87.7260261285	8.35251450833e-06	87.7260261285	7.93975919129e-06	87.7260261285	1.04888737085e-05	0.250808265774
87.7260261285	7.63891195426e-06	87.7260261285	8.35251450833e-06	87.7260261285	7.93975919129e-06	87.7260261285	1.04888737085e-05	0.267000855802
87.7260261285	7.63891195426e-06	87.7260261285	8.35251450833e-06	87.7260261285	7.93975919129e-06	87.7260261285	1.08287309335e-05	0.262487084657
87.7260261285	7.34900375746e-06	87.7260261285	8.35251450833e-06	87.7260261285	7.93975919129e-06	87.7260261285	1.08287309335e-05	0.340161047453
87.7260261285	7.46755463691e-06	87.7260261285	8.35251450833e-06	87.7260261285	7.93975919129e-06	87.7260261285	1.08287309335e-05	0.257032871292
89.8898069452	7.46755463691e-06	89.8898069452	8.35251450833e-06	89.8898069452	7.93975919129e-06	89.8898069452	1.08287309335e-05	0.303363512688
89.8898069452	7.46755463691e-06	89.8898069452	8.35251450833e-06	89.8898069452	8.11833599137e-06	89.8898069452	1.08287309335e-05	0.286228358125
89.8898069452	7.4983237893e-06	89.8898069452	8.35251450833e-06	89.8898069452	8.11833599137e-06	89.8898069452	1.08287309335e-05	0.307147510335
94.1586114177	7.4983237893e-06	94.1586114177	8.35251450833e-06	94.1586114177	8.11833599137e-06	94.1586114177	1.08287309335e-05	0.343516809878
94.1586114177	7.4983237893e-06	94.1586114177	8.35251450833e-06	94.1586114177	8.00894036013e-06	94.1586114177	1.08287309335e-05	0.34121697353
94.1586114177	7.4983237893e-06	94.1586114177	8.3781457404e-06	94.1586114177	8.00894036013e-06	94.1586114177	1.08287309335e-05	0.362062202885
94.1586114177	7.66562494245e-06	94.1586114177	8.3781457404e-06	94.1586114177	8.00894036013e-06	94.1586114177	1.08287309335e-05	0.351704865811
94.1586114177	7.48094035563e-06	94.1586114177	8.3781457404e-06	94.1586114177	8.00894036013e-06	94.1586114177	1.08287309335e-05	0.361292672053
94.1586114177	7.20006391046e-06	94.1586114177	8.3781457404e-06	94.1586114177	8.00894036013e-06	94.1586114177	1.08287309335e-05	0.313525356288
94.1586114177	7.20006391046e-06	94.1586114177	8.3781457404e-06	94.1586114177	8.00894036013e-06	94.1586114177	1.13690920538e-05	0.349706871835
94.1586114177	7.20006391046e-06	94.1586114177	8.3781457404e-06	94.1586114177	8.00894036013e-06	94.1586114177	1.09652273539e-05	0.355659752507
92.7733200998	7.20006391046e-06	92.7733200998	8.3781457404e-06	92.7733200998	8.00894036013e-06	92.7733200998	1.09652273539e-05	0.32628548292
92.7733200998	7.20006391046e-06	92.7733200998	8.3781457404e-06	92.7733200998	8.00894036013e-06	92.7733200998	1.04502830088e-05	0.316540479328
91.2059362042	7.20006391046e-06	91.2059362042	8.3781457404e-06	91.2059362042	8.00894036013e-06	91.2059362042	1.04502830088e-05	0.335311389658
92.8024427996	7.20006391046e-06	92.8024427996	8.3781457404e-06	92.8024427996	8.00894036013e-06	92.8024427996	1.04502830088e-05	0.307072531842
92.8024427996	7.20006391046e-06	92.8024427996	8.3781457404e-06	92.8024427996	7.73718271893e-06	92.8024427996	1.04502830088e-05	0.369529264177
92.8024427996	7.20006391046e-06	92.8024427996	8.26171112417e-06	92.8024427996	7.73718271893e-06	92.8024427996	1.04502830088e-05	0.313375702788
97.059643043	7.20006391046e-06	97.059643043	8.26171112417e-06	97.059643043	7.73718271893e-06	97.059643043	1.04502830088e-05	0.377468811604
97.059643043	7.49312122054e-06	97.059643043	8.26171112417e-06	97.059643043	7.73718271893e-06	97.059643043	1.04502830088e-05	0.384134111891
97.059643043	7.49312122054e-06	97.059643043	8.26171112417e-06	97.059643043	8.0450267958e-06	97.059643043	1.04502830088e-05	0.344461474675
97.059643043	7.49312122054e-06	97.059643043	8.57366525108e-06	97.059643043	8.0450267958e-06	97.059643043	1.04502830088e-05	0.367473231321
97.059643043	7.49312122054e-06	97.059643043	8.80270392266e-06	97.059643043	8.0450267958e-06	97.059643043	1.04502830088e-05	0.409512422269
97.059643043	7.49312122054e-06	97.059643043	8.80270392266e-06	97.059643043	8.0450267958e-06	97.059643043	1.04650904911e-05	0.362405646895
97.059643043	7.49312122054e-06	97.059643043	8.80270392266e-06	97.059643043	8.0450267958e-06	97.059643043	1.03393549451e-05	0.406650979225
97.059643043	7.49312122054e-06	97.059643043	8.80270392266e-06	97.059643043	7.78384894664e-06	97.059643043	1.03393549451e-05	0.397687314028
95.4689028198	7.49312122054e-06	95.4689028198	8.80270392266e-06	95.4689028198	7.78384894664e-06	95.4689028198	1.03393549451e-05	0.359810792583
95.4689028198	7.49312122054e-06	95.4689028198	8.80270392266e-06	95.4689028198	8.11107821253e-06	95.4689028198	1.03393549451e-05	0.342164934282
95.4689028198	7.14356972485e-06	95.4689028198	8.80270392266e-06	95.4689028198	8.11107821253e-06	95.4689028198	1.03393549451e-05	0.354061476267
95.4689028198	7.14356972485e-06	95.4689028198	8.80270392266e-06	95.4689028198	7.98877111049e-06	95.4689028198	1.03393549451e-05	0.33235724665
95.4689028198	7.14356972485e-06	95.4689028198	8.80270392266e-06	95.4689028198	7.98877111049e-06	95.4689028198	1.00515080572e-05	0.354663702428
95.5782704496	7.14356972485e-06	95.5782704496	8.80270392266e-06	95.5782704496	7.98877111049e-06	95.5782704496	1.00515080572e-05	0.367251776751
97.1523863977	7.14356972485e-06	97.1523863977	8.80270392266e-06	97.1523863977	7.98877111049e-06	97.1523863977	1.00515080572e-05	0.363965155022
97.1523863977	6.96332600599e-06	97.1523863977	8.80270392266e-06	97.1523863977	7.98877111049e-06	97.1523863977	1.00515080572e-05	0.411960038469
97.1523863977	6.96332600599e-06	97.1523863977	8.86684122845e-06	97.1523863977	7.98877111049e-06	97.1523863977	1.00515080572e-05	0.37098298692
97.1523863977	6.96332600599e-06	97.1523863977	9.28418652584e-06	97.1523863977	7.98877111049e-06	97.1523863977	1.00515080572e-05	0.344678767379
97.1523863977	6.96332600599e-06	97.1523863977	9.28418652584e-06	97.1523863977	7.98877111049e-06	97.1523863977	1.00515080572e-05	0.344678767379
97.1523863977	6.96332600599e-06	97.1523863977	9.28418652584e-06	97.1523863977	7.98877111049e-06	97.1523863977	1.01644034805e-05	0.372658388653
97.1523863977	6.96332600599e-06	97.1523863977	9.28418652584e-06	97.1523863977	7.71100557734e-06	97.1523863977	1.01644034805e-05	0.374491794473
97.1523863977	6.96332600599e-06	97.1523863977	9.28418652584e-06	97.1523863977	7.71100557734e-06	97.1523863977	9.8096433405e-06	0.370902998386
97.1523863977	6.96332600599e-06	97.1523863977	9.14072435133e-06	97.1523863977	7.71100557734e-06	97.1523863977	9.8096433405e-06	0.384929986839
101.288177207	6.96332600599e-06	101.288177207	9.14072435133e-06	101.288177207	7.71100557734e-06	101.288177207	9.8096433405e-06	0.45558122427
101.288177207	7.07776110302e-06	101.288177207	9.14072435133e-06	101.288177207	7.71100557734e-06	101.288177207	9.8096433405e-06	0.426164732569
101.288177207	7.07776110302e-06	101.288177207	9.14072435133e-06	101.288177207	7.88030739883e-06	101.288177207	9.8096433405e-06	0.406351077538
101.288177207	7.07776110302e-06	101.288177207	9.14072435133e-06	101.288177207	8.0597570428e-06	101.288177207	9.8096433405e-06	0.453327606893
101.288177207	7.22389839711e-06	101.288177207	9.14072435133e-06	101.288177207	8.0597570428e-06	101.288177207	9.8096433405e-06	0.440074680233
101.288177207	7.22389839711e-06	101.288177207	9.14072435133e-06	101.288177207	7.69919590985e-06	101.288177207	9.8096433405e-06	0.462910998589
101.288177207	7.22389839711e-06	101.288177207	9.14072435133e-06	101.288177207	7.95216227996e-06	101.288177207	9.8096433405e-06	0.404961994394
101.288177207	7.22389839711e-06	101.288177207	9.14072435133e-06	101.288177207	7.95216227996e-06	101.288177207	9.66155897161e-06	0.413245710654
101.288177207	7.22389839711e-06	101.288177207	9.14072435133e-06	101.288177207	7.95216227996e-06	101.288177207	1.005048885e-05	0.441703976974
101.288177207	6.86300748197e-06	101.288177207	9.14072435133e-06	101.288177207	7.95216227996e-06	101.288177207	1.005048885e-05	0.454659153568
101.288177207	6.86300748197e-06	101.288177207	9.14072435133e-06	101.288177207	7.72852635609e-06	101.288177207	1.005048885e-05	0.396821873471
101.288177207	6.86300748197e-06	101.288177207	9.14524121345e-06	101.288177207	7.72852635609e-06	101.288177207	1.005048885e-05	0.443650084103
101.288177207	6.86300748197e-06	101.288177207	8.73497870776e-06	101.288177207	7.72852635609e-06	101.288177207	1.005048885e-05	0.38843251387
101.288177207	6.93655068997e-06	101.288177207	8.73497870776e-06	101.288177207	7.72852635609e-06	101.288177207	1.005048885e-05	0.41299812762
101.288177207	6.93655068997e-06	101.288177207	8.73497870776e-06	101.288177207	7.73685235748e-06	101.288177207	1.005048885e-05	0.415203645692
101.288177207	7.17982163939e-06	101.288177207	8.73497870776e-06	101.288177207	7.73685235748e-06	101.288177207	1.005048885e-05	0.450778439393
101.288177207	7.17982163939e-06	101.288177207	8.73497870776e-06	101.288177207	7.73685235748e-06	101.288177207	1.031692786e-05	0.465902770863
101.288177207	7.17982163939e-06	101.288177207	8.72419148211e-06	101.288177207	7.73685235748e-06	101.288177207	1.031692786e-05	0.438924996808
101.288177207	7.32852479903e-06	101.288177207	8.72419148211e-06	101.288177207	7.73685235748e-06	101.288177207	1.031692786e-05	0.472336787219
101.288177207	7.32852479903e-06	101.288177207	9.15491060118e-06	101.288177207	7.73685235748e-06	101.288177207	1.031692786e-05	0.387540669251
101.288177207	7.32852479903e-06	101.288177207	8.95636004387e-06	101.288177207	7.73685235748e-06	101.288177207	1.031692786e-05	0.452407216075
101.288177207	7.13075885478e-06	101.288177207	8.95636004387e-06	101.288177207	7.73685235748e-06	101.288177207	1.031692786e-05	0.420074110654
101.288177207	7.13075885478e-06	101.288177207	8.95636004387e-06	101.288177207	7.73685235748e-06	101.288177207	1.04529222112e-05	0.386673883021
101.288177207	7.13075885478e-06	101.288177207	8.82042066275e-06	101.288177207	7.73685235748e-06	101.288177207	1.04529222112e-05	0.433546274875
101.288177207	7.13075885478e-06	101.288177207	8.82042066275e-06	101.288177207	7.73685235748e-06	101.288177207	1.08623871546e-05	0.415399436354
101.288177207	7.13075885478e-06	101.288177207	8.82042066275e-06	101.288177207	7.73685235748e-06	101.288177207	1.04159571383e-05	0.428463541362
101.288177207	7.13075885478e-06	101.288177207	8.43939349043e-06	101.288177207	7.73685235748e-06	101.288177207	1.04159571383e-05	0.456152740781
101.288177207	7.01739930844e-06	101.288177207	8.43939349043e-06	101.288177207	7.73685235748e-06	101.288177207	1.04159571383e-05	0.36302196406
101.288177207	7.01739930844e-06	101.288177207	8.43939349043e-06	101.288177207	7.72271815104e-06	101.288177207	1.04159571383e-05	0.444367944214
101.288177207	7.2809610997e-06	101.288177207	8.43939349043e-06	101.288177207	7.72271815104e-06	101.288177207	1.04159571383e-05	0.422332247604
103.543301341	7.2809610997e-06	103.543301341	8.43939349043e-06	103.543301341	7.72271815104e-06	103.543301341	1.04159571383e-05	0.444597576708
100.552273685	7.2809610997e-06	100.552273685	8.43939349043e-06	100.552273685	7.72271815104e-06	100.552273685	1.04159571383e-05	0.447853334792
95.5486222251	7.2809610997e-06	95.5486222251	8.43939349043e-06	95.5486222251	7.72271815104e-06	95.5486222251	1.04159571383e-05	0.396719364365
99.3674909039	7.2809610997e-06	99.3674909039	8.43939349043e-06	99.3674909039	7.72271815104e-06	99.3674909039	1.04159571383e-05	0.378422087907
99.3674909039	7.2809610997e-06	99.3674909039	8.43939349043e-06	99.3674909039	7.78231336154e-06	99.3674909039	1.04159571383e-05	0.414764561139
100.002703992	7.2809610997e-06	100.002703992	8.43939349043e-06	100.002703992	7.78231336154e-06	100.002703992	1.04159571383e-05	0.423341878086
99.7752689293	7.2809610997e-06	99.7752689293	8.43939349043e-06	99.7752689293	7.78231336154e-06	99.7752689293	1.04159571383e-05	0.361726171479
99.7752689293	7.2809610997e-06	99.7752689293	8.41601001069e-06	99.7752689293	7.78231336154e-06	99.7752689293	1.04159571383e-05	0.43343022695
99.7752689293	7.36776403017e-06	99.7752689293	8.41601001069e-06	99.7752689293	7.78231336154e-06	99.7752689293	1.04159571383e-05	0.420467070907
99.7752689293	7.36776403017e-06	99.7752689293	8.41601001069e-06	99.7752689293	7.78231336154e-06	99.7752689293	9.93662971549e-06	0.438626813854
99.7752689293	7.36776403017e-06	99.7752689293	8.06849319948e-06	99.7752689293	7.78231336154e-06	99.7752689293	9.93662971549e-06	0.371878806447
99.7752689293	7.36776403017e-06	99.7752689293	8.06849319948e-06	99.7752689293	7.78231336154e-06	99.7752689293	9.92972806747e-06	0.448717738034
99.7752689293	7.36776403017e-06	99.7752689293	8.06849319948e-06	99.7752689293	7.78231336154e-06	99.7752689293	9.92972806747e-06	0.448717738034
99.7752689293	7.36776403017e-06	99.7752689293	8.17524163634e-06	99.7752689293	7.78231336154e-06	99.7752689293	9.92972806747e-06	0.379912363454
99.7752689293	7.36776403017e-06	99.7752689293	8.17524163634e-06	99.7752689293	7.78231336154e-06	99.7752689293	9.92972806747e-06	0.379912363454
99.7752689293	7.36776403017e-06	99.7752689293	8.17524163634e-06	99.7752689293	7.78231336154e-06	99.7752689293	1.00787718388e-05	0.443954268815
99.7752689293	7.36776403017e-06	99.7752689293	8.55960693699e-06	99.7752689293	7.78231336154e-06	99.7752689293	1.00787718388e-05	0.398409750114
100.703477212	7.36776403017e-06	100.703477212	8.55960693699e-06	100.703477212	7.78231336154e-06	100.703477212	1.00787718388e-05	0.413953281911
104.809180295	7.36776403017e-06	104.809180295	8.55960693699e-06	104.809180295	7.78231336154e-06	104.809180295	1.00787718388e-05	0.439328311264
104.809180295	7.15547534346e-06	104.809180295	8.55960693699e-06	104.809180295	7.78231336154e-06	104.809180295	1.00787718388e-05	0.489053636615
104.809180295	7.09436949633e-06	104.809180295	8.55960693699e-06	104.809180295	7.78231336154e-06	104.809180295	1.00787718388e-05	0.512475047607
104.809180295	7.09436949633e-06	104.809180295	8.81773326596e-06	104.809180295	7.78231336154e-06	104.809180295	1.00787718388e-05	0.504583495769
104.809180295	7.22406558172e-06	104.809180295	8.81773326596e-06	104.809180295	7.78231336154e-06	104.809180295	1.00787718388e-05	0.541635271381
104.809180295	6.9091191011e-06	104.809180295	8.81773326596e-06	104.809180295	7.78231336154e-06	104.809180295	1.00787718388e-05	0.534286271338
104.809180295	6.9091191011e-06	104.809180295	8.81773326596e-06	104.809180295	7.91038741067e-06	104.809180295	1.00787718388e-05	0.481681046609
104.809180295	6.9091191011e-06	104.809180295	8.81773326596e-06	104.809180295	7.91038741067e-06	104.809180295	9.65521276957e-06	0.498146655667
104.809180295	6.9091191011e-06	104.809180295	8.69434089663e-06	104.809180295	7.91038741067e-06	104.809180295	9.65521276957e-06	0.485157770905
104.809180295	6.94822697819e-06	104.809180295	8.69434089663e-06	104.809180295	7.91038741067e-06	104.809180295	9.65521276957e-06	0.448617441429
104.809180295	6.94822697819e-06	104.809180295	8.69434089663e-06	104.809180295	7.91038741067e-06	104.809180295	1.00796290142e-05	0.485005037477
100.032203958	6.94822697819e-06	100.032203958	8.69434089663e-06	100.032203958	7.91038741067e-06	100.032203958	1.00796290142e-05	0.45429163772
100.032203958	6.94822697819e-06	100.032203958	8.66008856837e-06	100.032203958	7.91038741067e-06	100.032203958	1.00796290142e-05	0.377832012016
100.032203958	6.94822697819e-06	100.032203958	9.05177044344e-06	100.032203958	7.91038741067e-06	100.032203958	1.00796290142e-05	0.470804890241
101.356937385	6.94822697819e-06	101.356937385	9.05177044344e-06	101.356937385	7.91038741067e-06	101.356937385	1.00796290142e-05	0.436997765987
101.356937385	6.94822697819e-06	101.356937385	9.42679079709e-06	101.356937385	7.91038741067e-06	101.356937385	1.00796290142e-05	0.470153148556
101.356937385	6.94822697819e-06	101.356937385	9.42679079709e-06	101.356937385	7.91038741067e-06	101.356937385	1.01471674366e-05	0.41771032376
101.356937385	6.94822697819e-06	101.356937385	9.42679079709e-06	101.356937385	7.91038741067e-06	101.356937385	9.79986867134e-06	0.415119059295
101.356937385	6.76245576273e-06	101.356937385	9.42679079709e-06	101.356937385	7.91038741067e-06	101.356937385	9.79986867134e-06	0.385550529825
101.356937385	6.76245576273e-06	101.356937385	9.42679079709e-06	101.356937385	7.91038741067e-06	101.356937385	9.79986867134e-06	0.385550529825
101.356937385	6.76245576273e-06	101.356937385	9.42679079709e-06	101.356937385	7.91038741067e-06	101.356937385	9.53559245677e-06	0.393002159356
101.356937385	6.96077550842e-06	101.356937385	9.42679079709e-06	101.356937385	7.91038741067e-06	101.356937385	9.53559245677e-06	0.382934922737
101.356937385	6.96077550842e-06	101.356937385	9.42679079709e-06	101.356937385	7.76993507414e-06	101.356937385	9.53559245677e-06	0.459286658952
101.356937385	7.04092443646e-06	101.356937385	9.42679079709e-06	101.356937385	7.76993507414e-06	101.356937385	9.53559245677e-06	0.4403140183
101.356937385	7.04092443646e-06	101.356937385	9.42679079709e-06	101.356937385	7.76993507414e-06	101.356937385	9.77329017599e-06	0.43317569834
101.356937385	7.04092443646e-06	101.356937385	9.40631721001e-06	101.356937385	7.76993507414e-06	101.356937385	9.77329017599e-06	0.375604394846
98.7677741065	7.04092443646e-06	98.7677741065	9.40631721001e-06	98.7677741065	7.76993507414e-06	98.7677741065	9.77329017599e-06	0.407735816542
98.7677741065	7.04092443646e-06	98.7677741065	9.42690975469e-06	98.7677741065	7.76993507414e-06	98.7677741065	9.77329017599e-06	0.39426412407
100.46637774	7.04092443646e-06	100.46637774	9.42690975469e-06	100.46637774	7.76993507414e-06	100.46637774	9.77329017599e-06	0.428176731374
100.46637774	7.04092443646e-06	100.46637774	9.42690975469e-06	100.46637774	7.65591116282e-06	100.46637774	9.77329017599e-06	0.419838612983
100.46637774	7.04092443646e-06	100.46637774	9.16268992919e-06	100.46637774	7.65591116282e-06	100.46637774	9.77329017599e-06	0.44989470852
100.46637774	7.04092443646e-06	100.46637774	9.16268992919e-06	100.46637774	7.38083117826e-06	100.46637774	9.77329017599e-06	0.408023092362
100.46637774	7.04092443646e-06	100.46637774	9.16268992919e-06	100.46637774	7.35848723026e-06	100.46637774	9.77329017599e-06	0.418596838826
100.46637774	7.36324142634e-06	100.46637774	9.16268992919e-06	100.46637774	7.35848723026e-06	100.46637774	9.77329017599e-06	0.439109735722
100.46637774	7.36324142634e-06	100.46637774	9.05597012537e-06	100.46637774	7.35848723026e-06	100.46637774	9.77329017599e-06	0.412895288251
100.46637774	7.203887285e-06	100.46637774	9.05597012537e-06	100.46637774	7.35848723026e-06	100.46637774	9.77329017599e-06	0.476455115609
100.46637774	7.15623041607e-06	100.46637774	9.05597012537e-06	100.46637774	7.35848723026e-06	100.46637774	9.77329017599e-06	0.441300879852
100.46637774	7.15964571143e-06	100.46637774	9.05597012537e-06	100.46637774	7.35848723026e-06	100.46637774	9.77329017599e-06	0.460651594358
100.46637774	7.15964571143e-06	100.46637774	9.05597012537e-06	100.46637774	7.35848723026e-06	100.46637774	9.48667213777e-06	0.480742062852
100.46637774	7.15964571143e-06	100.46637774	9.05597012537e-06	100.46637774	7.4364339758e-06	100.46637774	9.48667213777e-06	0.416474232829
100.46637774	7.15964571143e-06	100.46637774	9.05597012537e-06	100.46637774	7.4364339758e-06	100.46637774	9.88814130725e-06	0.418884611987
101.856310394	7.15964571143e-06	101.856310394	9.05597012537e-06	101.856310394	7.4364339758e-06	101.856310394	9.88814130725e-06	0.435995390356
101.856310394	7.15964571143e-06	101.856310394	9.05597012537e-06	101.856310394	7.26475768285e-06	101.856310394	9.88814130725e-06	0.433692795101
101.856310394	7.15964571143e-06	101.856310394	9.05597012537e-06	101.856310394	7.26475768285e-06	101.856310394	9.67982178305e-06	0.439971933067
101.856310394	7.15964571143e-06	101.856310394	9.05597012537e-06	101.856310394	7.57662235113e-06	101.856310394	9.67982178305e-06	0.487205426508
104.144696839	7.15964571143e-06	104.144696839	9.05597012537e-06	104.144696839	7.57662235113e-06	104.144696839	9.67982178305e-06	0.468813017154
104.144696839	7.15964571143e-06	104.144696839	9.05597012537e-06	104.144696839	7.65670277329e-06	104.144696839	9.67982178305e-06	0.467505832296
100.52164163	7.15964571143e-06	100.52164163	9.05597012537e-06	100.52164163	7.65670277329e-06	100.52164163	9.67982178305e-06	0.437124565488
96.6974073935	7.15964571143e-06	96.6974073935	9.05597012537e-06	96.6974073935	7.65670277329e-06	96.6974073935	9.67982178305e-06	0.399938850424
96.6974073935	7.15964571143e-06	96.6974073935	9.05597012537e-06	96.6974073935	7.65670277329e-06	96.6974073935	9.52137874867e-06	0.386047918695
96.6974073935	7.18803615299e-06	96.6974073935	9.05597012537e-06	96.6974073935	7.65670277329e-06	96.6974073935	9.52137874867e-06	0.382895689924
96.6974073935	7.08419412992e-06	96.6974073935	9.05597012537e-06	96.6974073935	7.65670277329e-06	96.6974073935	9.52137874867e-06	0.402234261196
96.6974073935	7.18465832602e-06	96.6974073935	9.05597012537e-06	96.6974073935	7.65670277329e-06	96.6974073935	9.52137874867e-06	0.395052485407
96.6974073935	7.30338429847e-06	96.6974073935	9.05597012537e-06	96.6974073935	7.65670277329e-06	96.6974073935	9.52137874867e-06	0.379572587309
96.6974073935	7.46623662097e-06	96.6974073935	9.05597012537e-06	96.6974073935	7.65670277329e-06	96.6974073935	9.52137874867e-06	0.421532423757
95.0672606902	7.46623662097e-06	95.0672606902	9.05597012537e-06	95.0672606902	7.65670277329e-06	95.0672606902	9.52137874867e-06	0.375471198671
95.0672606902	7.46623662097e-06	95.0672606902	9.05597012537e-06	95.0672606902	7.65670277329e-06	95.0672606902	9.61877455934e-06	0.339471177459
95.0672606902	7.53809835002e-06	95.0672606902	9.05597012537e-06	95.0672606902	7.65670277329e-06	95.0672606902	9.61877455934e-06	0.382481205153
95.0672606902	7.53809835002e-06	95.0672606902	9.05597012537e-06	95.0672606902	7.65670277329e-06	95.0672606902	9.67228079648e-06	0.39001312831
99.3410648729	7.53809835002e-06	99.3410648729	9.05597012537e-06	99.3410648729	7.65670277329e-06	99.3410648729	9.67228079648e-06	0.390011327914
98.8132701581	7.53809835002e-06	98.8132701581	9.05597012537e-06	98.8132701581	7.65670277329e-06	98.8132701581	9.67228079648e-06	0.393445225884
98.8132701581	7.73623712378e-06	98.8132701581	9.05597012537e-06	98.8132701581	7.65670277329e-06	98.8132701581	9.67228079648e-06	0.410891300357
98.8132701581	7.73623712378e-06	98.8132701581	9.05597012537e-06	98.8132701581	7.65670277329e-06	98.8132701581	9.9973290258e-06	0.360442437649
102.392456554	7.73623712378e-06	102.392456554	9.05597012537e-06	102.392456554	7.65670277329e-06	102.392456554	9.9973290258e-06	0.424016083778
102.392456554	7.73623712378e-06	102.392456554	9.05597012537e-06	102.392456554	7.65670277329e-06	102.392456554	1.03768363408e-05	0.45159998034
102.392456554	7.73623712378e-06	102.392456554	8.99564733592e-06	102.392456554	7.65670277329e-06	102.392456554	1.03768363408e-05	0.430620382822
102.392456554	7.73623712378e-06	102.392456554	8.99564733592e-06	102.392456554	7.48678853853e-06	102.392456554	1.03768363408e-05	0.394743386739
102.392456554	7.73623712378e-06	102.392456554	8.99564733592e-06	102.392456554	7.48678853853e-06	102.392456554	1.05562955629e-05	0.401919458473
102.392456554	7.73623712378e-06	102.392456554	8.99564733592e-06	102.392456554	7.15278219166e-06	102.392456554	1.05562955629e-05	0.486569775179
102.392456554	7.73623712378e-06	102.392456554	8.99564733592e-06	102.392456554	7.03043621775e-06	102.392456554	1.05562955629e-05	0.419292401426
102.392456554	7.73623712378e-06	102.392456554	8.9988718943e-06	102.392456554	7.03043621775e-06	102.392456554	1.05562955629e-05	0.442638395387
102.392456554	8.10828411342e-06	102.392456554	8.9988718943e-06	102.392456554	7.03043621775e-06	102.392456554	1.05562955629e-05	0.418377817785
102.392456554	8.10828411342e-06	102.392456554	9.04006972547e-06	102.392456554	7.03043621775e-06	102.392456554	1.05562955629e-05	0.458760432699
102.392456554	8.10828411342e-06	102.392456554	9.04006972547e-06	102.392456554	6.85364946223e-06	102.392456554	1.05562955629e-05	0.456692411234
101.841140092	8.10828411342e-06	101.841140092	9.04006972547e-06	101.841140092	6.85364946223e-06	101.841140092	1.05562955629e-05	0.452531125116
101.841140092	8.10828411342e-06	101.841140092	9.04006972547e-06	101.841140092	6.85364946223e-06	101.841140092	1.07885362191e-05	0.46303907175
101.841140092	8.10828411342e-06	101.841140092	9.04006972547e-06	101.841140092	7.05881096672e-06	101.841140092	1.07885362191e-05	0.392233045912
105.634119539	8.10828411342e-06	105.634119539	9.04006972547e-06	105.634119539	7.05881096672e-06	105.634119539	1.07885362191e-05	0.459366117207
105.634119539	8.10828411342e-06	105.634119539	9.04006972547e-06	105.634119539	7.339328518e-06	105.634119539	1.07885362191e-05	0.499983286756
105.634119539	7.967277749e-06	105.634119539	9.04006972547e-06	105.634119539	7.339328518e-06	105.634119539	1.07885362191e-05	0.480493067323
105.634119539	7.967277749e-06	105.634119539	9.04006972547e-06	105.634119539	7.05616957472e-06	105.634119539	1.07885362191e-05	0.422025483264
105.634119539	8.06100639922e-06	105.634119539	9.04006972547e-06	105.634119539	7.05616957472e-06	105.634119539	1.07885362191e-05	0.491213609335
103.357127036	8.06100639922e-06	103.357127036	9.04006972547e-06	103.357127036	7.05616957472e-06	103.357127036	1.07885362191e-05	0.413097520646
108.077111522	8.06100639922e-06	108.077111522	9.04006972547e-06	108.077111522	7.05616957472e-06	108.077111522	1.07885362191e-05	0.521557334675
108.077111522	8.06100639922e-06	108.077111522	9.04006972547e-06	108.077111522	7.0460114735e-06	108.077111522	1.07885362191e-05	0.480283972707
105.670498704	8.06100639922e-06	105.670498704	9.04006972547e-06	105.670498704	7.0460114735e-06	105.670498704	1.07885362191e-05	0.533834852962
108.061505767	8.06100639922e-06	108.061505767	9.04006972547e-06	108.061505767	7.0460114735e-06	108.061505767	1.07885362191e-05	0.569769521834
108.061505767	8.43445311614e-06	108.061505767	9.04006972547e-06	108.061505767	7.0460114735e-06	108.061505767	1.07885362191e-05	0.518640134046
108.061505767	8.56467610375e-06	108.061505767	9.04006972547e-06	108.061505767	7.0460114735e-06	108.061505767	1.07885362191e-05	0.488780268892
108.061505767	8.56467610375e-06	108.061505767	9.04006972547e-06	108.061505767	7.0460114735e-06	108.061505767	1.1112194815e-05	0.482006472661
108.061505767	8.56467610375e-06	108.061505767	9.04006972547e-06	108.061505767	7.0968616021e-06	108.061505767	1.1112194815e-05	0.41734001525
108.061505767	8.19065219839e-06	108.061505767	9.04006972547e-06	108.061505767	7.0968616021e-06	108.061505767	1.1112194815e-05	0.499195077119
108.061505767	8.19065219839e-06	108.061505767	9.04006972547e-06	108.061505767	7.0968616021e-06	108.061505767	1.12071168108e-05	0.509225660271
108.061505767	8.19065219839e-06	108.061505767	9.04006972547e-06	108.061505767	6.96096498576e-06	108.061505767	1.12071168108e-05	0.526389112268
108.061505767	8.23946044722e-06	108.061505767	9.04006972547e-06	108.061505767	6.96096498576e-06	108.061505767	1.12071168108e-05	0.49896424052
107.236810532	8.23946044722e-06	107.236810532	9.04006972547e-06	107.236810532	6.96096498576e-06	107.236810532	1.12071168108e-05	0.454203142419
107.236810532	8.23946044722e-06	107.236810532	9.04006972547e-06	107.236810532	6.96096498576e-06	107.236810532	1.11353103441e-05	0.46733634236
107.236810532	8.23946044722e-06	107.236810532	9.04006972547e-06	107.236810532	6.96096498576e-06	107.236810532	1.11353103441e-05	0.46733634236
107.236810532	8.23946044722e-06	107.236810532	9.04006972547e-06	107.236810532	6.96096498576e-06	107.236810532	1.11353103441e-05	0.46733634236
107.236810532	8.17720284644e-06	107.236810532	9.04006972547e-06	107.236810532	6.96096498576e-06	107.236810532	1.11353103441e-05	0.507898104319
108.563066727	8.17720284644e-06	108.563066727	9.04006972547e-06	108.563066727	6.96096498576e-06	108.563066727	1.11353103441e-05	0.491618353935
108.563066727	8.05983929222e-06	108.563066727	9.04006972547e-06	108.563066727	6.96096498576e-06	108.563066727	1.11353103441e-05	0.505129561148
108.563066727	8.05983929222e-06	108.563066727	9.04006972547e-06	108.563066727	6.86615745761e-06	108.563066727	1.11353103441e-05	0.514489157703
108.563066727	8.05983929222e-06	108.563066727	9.04006972547e-06	108.563066727	7.02419591953e-06	108.563066727	1.11353103441e-05	0.530554481881
108.563066727	8.05983929222e-06	108.563066727	9.04006972547e-06	108.563066727	7.02419591953e-06	108.563066727	1.11353103441e-05	0.530554481881
108.563066727	8.05983929222e-06	108.563066727	9.04006972547e-06	108.563066727	6.93636719847e-06	108.563066727	1.11353103441e-05	0.508732676902
108.563066727	7.73601636475e-06	108.563066727	9.04006972547e-06	108.563066727	6.93636719847e-06	108.563066727	1.11353103441e-05	0.460464444871
108.563066727	7.73601636475e-06	108.563066727	8.78784286373e-06	108.563066727	6.93636719847e-06	108.563066727	1.11353103441e-05	0.465503373554
108.563066727	7.73601636475e-06	108.563066727	8.78784286373e-06	108.563066727	7.04856739909e-06	108.563066727	1.11353103441e-05	0.553767874454
103.647958806	7.73601636475e-06	103.647958806	8.78784286373e-06	103.647958806	7.04856739909e-06	103.647958806	1.11353103441e-05	0.467699269176
103.647958806	7.98769494043e-06	103.647958806	8.78784286373e-06	103.647958806	7.04856739909e-06	103.647958806	1.11353103441e-05	0.428487672263
103.647958806	7.98769494043e-06	103.647958806	8.78784286373e-06	103.647958806	7.04856739909e-06	103.647958806	1.12403748912e-05	0.413010739497
103.647958806	7.98769494043e-06	103.647958806	8.78784286373e-06	103.647958806	7.06115181113e-06	103.647958806	1.12403748912e-05	0.433683321559
103.647958806	7.98769494043e-06	103.647958806	8.88291149568e-06	103.647958806	7.06115181113e-06	103.647958806	1.12403748912e-05	0.394150183221
103.647958806	7.98769494043e-06	103.647958806	8.88291149568e-06	103.647958806	7.28686604718e-06	103.647958806	1.12403748912e-05	0.421351266247
103.647958806	7.98769494043e-06	103.647958806	9.12112216988e-06	103.647958806	7.28686604718e-06	103.647958806	1.12403748912e-05	0.40832769203
103.647958806	7.98769494043e-06	103.647958806	9.12112216988e-06	103.647958806	7.28686604718e-06	103.647958806	1.10952217247e-05	0.406487504817
105.000088812	7.98769494043e-06	105.000088812	9.12112216988e-06	105.000088812	7.28686604718e-06	105.000088812	1.10952217247e-05	0.455380957478
105.000088812	7.78660053039e-06	105.000088812	9.12112216988e-06	105.000088812	7.28686604718e-06	105.000088812	1.10952217247e-05	0.452405372678